perm	labels	n_tested_glmm	GLMM_sig	Fisher_sig	Wilcox_sig	med_p_glmm	med_p_fisher	ks_glmm	ks_fisher	mins
1	dddddcdccccc	19021	107	424	0	0.46798608894124	0.567029637247888	7.10976478100249e-34	0	2.45
2	dddddccdcccc	19262	114	415	0	0.484484179941162	0.59129318550662	8.6447898052278e-14	0	2.43
3	dddddcccdccc	19259	129	410	0	0.486448179791394	0.591109106472462	9.3835922546041e-12	0	2.26
4	dddddccccdcc	19543	92	360	0	0.483653759979014	0.593027805288434	2.24829618860238e-20	0	2.17
5	dddddcccccdc	19255	85	388	0	0.481379277214117	0.580644447193352	9.1662102804387e-23	0	2.37
6	dddddccccccd	19115	105	367	0	0.478129655006576	0.581729908232486	1.13460219765866e-26	0	2.57
7	ddddcddccccc	19029	136	403	0	0.468388317867576	0.565902326506343	8.50744309971805e-27	0	2.54
8	ddddcdcdcccc	19316	110	415	0	0.479977166904626	0.586818641419248	2.75562536086603e-16	0	2.22
9	ddddcdccdccc	19288	124	441	0	0.483899827725957	0.590951805163297	4.25265751241001e-14	0	2.68
10	ddddcdcccdcc	19578	106	363	0	0.478240387700501	0.584277007329196	1.79716281666339e-19	0	2.67
11	ddddcdccccdc	19242	108	397	0	0.475979655167766	0.577881329964231	1.88305675861148e-23	0	2.37
12	ddddcdcccccd	19039	132	371	0	0.475701650816986	0.577764156201984	3.36001926864544e-30	0	2.2
13	ddddccddcccc	19278	107	417	0	0.468414489147145	0.574868963461508	3.34394788833884e-29	0	2.52
14	ddddccdcdccc	19385	99	423	0	0.480001030412865	0.584951096926496	5.34867312194573e-17	0	2.3
15	ddddccdccdcc	19646	75	340	0	0.484347434667139	0.588749548935638	1.70715815179716e-08	0	2.97
16	ddddccdcccdc	19483	84	340	0	0.479708254114104	0.582867471368714	5.14460926725094e-17	0	2.31
17	ddddccdccccd	19404	91	332	0	0.478112441263659	0.579824383583135	5.7703275114411e-20	0	2.6
18	ddddcccddccc	19456	121	442	2	0.487688554721448	0.593590297424455	4.74783364933409e-13	0	2.64
19	ddddcccdcdcc	19769	76	344	0	0.491987141769996	0.602234243743678	6.63759280394867e-07	0	2.63
20	ddddcccdccdc	19613	73	324	0	0.485095643390163	0.595889970445849	2.38798293535888e-09	0	2.71
21	ddddcccdcccd	19603	73	333	0	0.489821680682751	0.599851540186148	2.23517219424786e-10	0	2.76
22	ddddccccddcc	19707	93	345	0	0.486764804748313	0.598755270918679	4.33763217371591e-09	0	2.81
23	ddddccccdcdc	19567	82	346	0	0.486413731535526	0.596667835166472	3.28223832984296e-10	0	2.65
24	ddddccccdccd	19530	86	339	0	0.490174997764024	0.598613602206295	2.35710144852809e-11	0	2.62
25	ddddcccccddc	19696	138	510	0	0.456069737448925	0.572407947782734	1.5751830520752e-58	0	2.62
26	ddddcccccdcd	19630	127	464	0	0.466431672783479	0.575219842796999	1.56041562354322e-38	0	2.82
27	ddddccccccdd	19439	120	464	0	0.464717071750579	0.577486004686917	1.89139937164634e-50	0	3.06
28	dddcdddccccc	19059	144	491	0	0.463109385688647	0.566161533641057	3.33598416933886e-34	0	2.51
29	dddcddcdcccc	19282	129	471	0	0.478049568607038	0.586856689791011	3.38240228354289e-21	0	2.56
30	dddcddccdccc	19283	135	470	0	0.477077030505081	0.584893568066413	1.59540682385503e-19	0	2.57
31	dddcddcccdcc	19605	95	363	0	0.481193019566032	0.591328958736253	1.75012097141881e-14	0	2.7
32	dddcddccccdc	19301	109	367	0	0.483473597098401	0.582112375462209	1.72215554815244e-13	0	2.59
33	dddcddcccccd	19205	109	363	0	0.479147761410024	0.58345188431054	1.28632828553022e-24	0	2.57
34	dddcdcddcccc	19182	128	424	0	0.468062439343379	0.573561672012545	2.38747933576813e-32	0	2.54
35	dddcdcdcdccc	19330	135	415	0	0.477791241104673	0.579251012913088	2.06084024819461e-20	0	2.57
36	dddcdcdccdcc	19660	71	299	0	0.494428752812624	0.601518026565465	2.99843147629952e-05	0	2.62
37	dddcdcdcccdc	19500	77	307	0	0.493627397112694	0.589760704784503	9.95832750337196e-08	0	2.64
38	dddcdcdccccd	19430	86	333	0	0.485726337915543	0.586538461538462	1.52283505432291e-13	0	2.55
39	dddcdccddccc	19344	152	452	0	0.485405053100068	0.590387883742443	1.54134964389794e-15	0	2.74
40	dddcdccdcdcc	19743	76	277	0	0.504720563183347	0.612442633127316	0.000149778162239142	0	2.83
41	dddcdccdccdc	19576	72	286	0	0.499068277053509	0.601465201465202	0.0016394324013968	0	3.37
42	dddcdccdcccd	19624	73	310	0	0.497671149942408	0.602233392299041	0.000392569516377408	0	3.62
43	dddcdcccddcc	19704	85	315	0	0.5004384684994	0.605910804108764	1.22376943257042e-05	0	3.8
44	dddcdcccdcdc	19569	75	324	0	0.497547656652081	0.599103815401768	0.000348676252497333	0	3.42
45	dddcdcccdccd	19602	97	355	0	0.498661643290407	0.60202190276526	1.24792727061695e-06	0	4.09
46	dddcdccccddc	19700	91	375	0	0.479367068488096	0.590557351356646	7.12253792639758e-24	0	3.78
47	dddcdccccdcd	19666	108	380	0	0.484513065560399	0.594129006115266	1.00510791603678e-18	0	4.19
48	dddcdcccccdd	19493	99	364	0	0.481905930427791	0.589774363041994	2.50851657490394e-17	0	3.56
49	dddccdddcccc	19313	81	416	0	0.468024044812475	0.575416064842428	3.29324492748763e-28	0	3.4
50	dddccddcdccc	19405	96	426	0	0.478109758425265	0.583110885630105	5.39067675869398e-19	0	3.68
51	dddccddccdcc	19716	68	304	0	0.49218021435093	0.599420489646988	0.000331878073712119	0	3.85
52	dddccddcccdc	19535	75	319	0	0.495123727918236	0.593947663115184	8.47152069973944e-06	0	3.33
53	dddccddccccd	19457	72	310	0	0.490109635217145	0.589708807776332	3.79944447502547e-13	0	3.08
54	dddccdcddccc	19474	125	455	1	0.480110428632561	0.590086040554429	3.24214577959204e-18	0	3.62
55	dddccdcdcdcc	19781	62	301	0	0.496963359053543	0.608047703436701	1.04186408479686e-05	0	3.63
56	dddccdcdccdc	19647	66	322	0	0.493778593359372	0.601453185800472	0.00205435397551776	0	3.75
57	dddccdcdcccd	19653	54	303	0	0.492512769075218	0.601018189937405	4.37141291270978e-06	0	3.97
58	dddccdccddcc	19755	79	333	0	0.491444638016921	0.601463571652671	3.59145527880612e-05	0	3.66
59	dddccdccdcdc	19605	74	341	0	0.493326230904726	0.601146261625773	1.24742349138053e-05	0	3.25
60	dddccdccdccd	19598	100	351	0	0.495850344683007	0.60193617341626	3.24389372421058e-08	0	3.74
61	dddccdcccddc	19719	95	442	0	0.474823696988577	0.586122862031089	4.98919804862039e-25	0	2.66
62	dddccdcccdcd	19675	91	385	0	0.47824197102058	0.587830470658601	1.75313282062069e-19	0	2.55
63	dddccdccccdd	19484	84	371	0	0.478421598656016	0.589030036148918	7.87294771945535e-21	0	2.6
64	dddcccdddccc	19156	198	527	2	0.460556427036119	0.563512123255233	3.33154403050349e-46	0	2.77
65	dddcccddcdcc	19622	90	331	0	0.485774330281072	0.594618164749962	3.8696468364855e-09	0	3.06
66	dddcccddccdc	19460	100	343	0	0.478946699669547	0.583838484963621	8.39605821320129e-13	0	3.04
67	dddcccddcccd	19548	98	352	0	0.478571694698059	0.586729600541613	1.59547731881027e-16	0	3.48
68	dddcccdcddcc	19675	84	354	0	0.489134492593204	0.597255753365176	9.55492954881946e-06	0	2.77
69	dddcccdcdcdc	19556	77	350	0	0.489143635268271	0.594261624236138	5.07668801718847e-09	0	2.72
70	dddcccdcdccd	19601	111	394	0	0.488244124214215	0.593867312922165	4.03171302818715e-14	0	2.47
71	dddcccdccddc	19701	104	398	0	0.480192827661744	0.593871087759368	1.41176875825934e-18	0	2.61
72	dddcccdccdcd	19664	121	393	0	0.485834404093909	0.593159065628476	8.32547133294105e-13	0	2.27
73	dddcccdcccdd	19580	108	394	2	0.485696992346796	0.593170285177554	8.93955605232938e-17	0	2.34
74	dddccccdddcc	19667	110	350	1	0.489388080527768	0.598724832565599	1.96393718614464e-11	0	2.73
75	dddccccddcdc	19538	95	377	0	0.490184519065151	0.596481491486133	2.76173723312719e-11	0	2.6
76	dddccccddccd	19629	111	383	0	0.488817935334431	0.597754866604928	6.78438052418129e-11	0	2.53
77	dddccccdcddc	19716	97	385	0	0.474901122105742	0.595113731404468	9.07486899731995e-20	0	2.74
78	dddccccdcdcd	19750	91	359	0	0.483692376349368	0.597975104017479	1.23429381297399e-10	0	2.54
79	dddccccdccdd	19695	71	368	0	0.485394284962025	0.596573149400149	3.02758232516569e-10	0	2.63
80	dddcccccdddc	19704	112	419	0	0.470837016990265	0.58994121387452	2.13121000041861e-27	0	2.53
81	dddcccccddcd	19690	131	392	0	0.479219550328765	0.591290103564057	1.27172176473002e-15	0	2.24
82	dddcccccdcdd	19652	98	403	0	0.48116367509982	0.595238089650055	1.20923855468369e-14	0	2.24
83	dddccccccddd	19606	221	642	2	0.439239103669913	0.559935271098508	1.0192795717072e-84	0	2.32
84	ddcddddccccc	19155	187	518	0	0.462884277629253	0.570362450385204	2.04252558923256e-40	0	2.29
85	ddcdddcdcccc	19307	161	483	0	0.471564649689316	0.585479296653432	6.60343675780764e-32	0	2.29
86	ddcdddccdccc	19284	154	485	0	0.47314771597673	0.58657191864739	1.03266422752472e-23	0	2.39
87	ddcdddcccdcc	19449	104	407	0	0.473587401669473	0.584731832289062	2.05763248238251e-23	0	2.59
88	ddcdddccccdc	19270	114	394	0	0.471971907813711	0.57569952915255	1.28078610695996e-22	0	2.35
89	ddcdddcccccd	19095	145	426	0	0.47160985815028	0.577925166707266	1.059867102058e-34	0	2.35
90	ddcddcddcccc	19481	113	461	0	0.469478898573264	0.582457751487814	2.96426898576572e-31	0	2.4
91	ddcddcdcdccc	19600	105	425	0	0.478609745711555	0.58899096303934	7.5771466801954e-17	0	2.42
92	ddcddcdccdcc	19732	53	309	0	0.495919656553187	0.60115732515446	1.32396782514e-05	0	2.44
93	ddcddcdcccdc	19674	57	314	0	0.489898389896113	0.592115766611633	1.5019395392568e-06	0	2.44
94	ddcddcdccccd	19574	83	350	0	0.487272929921831	0.590229638905904	7.74478872264465e-15	0	2.41
95	ddcddccddccc	19574	123	460	0	0.485788244834733	0.595858310341961	5.68620465462513e-16	0	2.43
96	ddcddccdcdcc	19750	64	313	0	0.502194055997237	0.608530882096362	2.29051298056212e-05	0	2.42
97	ddcddccdccdc	19687	75	313	0	0.494428086103272	0.601444429760804	0.000273782009021017	0	2.42
98	ddcddccdcccd	19691	79	328	0	0.495155790560568	0.602413124799057	1.12603338333381e-05	0	2.51
99	ddcddcccddcc	19710	64	304	0	0.497641863178821	0.604256851974297	2.99122488300272e-05	0	2.44
100	ddcddcccdcdc	19672	73	311	0	0.496109104732214	0.601282201253975	7.12608541243962e-05	0	2.44
101	ddcddcccdccd	19626	96	338	0	0.500554224459213	0.603119159821176	8.52607857263885e-07	0	2.61
102	ddcddccccddc	19697	95	391	0	0.477627400567408	0.583339072654804	1.9887726131523e-25	0	2.94
103	ddcddccccdcd	19618	91	387	0	0.485301209671834	0.588261336857227	3.83108800897528e-19	0	2.6
104	ddcddcccccdd	19524	102	357	0	0.48257214734499	0.585916290660575	1.02473092133321e-19	0	2.63
105	ddcdcdddcccc	19527	98	432	0	0.474200473559817	0.583525765672072	8.1256795688398e-26	0	2.76
106	ddcdcddcdccc	19600	83	405	0	0.482511881111165	0.594020705646265	2.16135192287098e-14	0	2.64
107	ddcdcddccdcc	19753	52	315	0	0.495643737822896	0.598082136263094	0.00489125572932068	0	2.94
108	ddcdcddcccdc	19669	66	311	1	0.492889869307308	0.596801238210275	2.68917949218148e-05	0	2.72
109	ddcdcddccccd	19546	73	316	0	0.4936017160304	0.592594605929063	2.60847521892598e-10	0	2.74
110	ddcdcdcddccc	19600	104	447	0	0.482613849617208	0.594933279143806	1.07759032969645e-16	0	2.59
111	ddcdcdcdcdcc	19780	64	313	0	0.497860734638235	0.604014439767616	4.21845188839471e-05	0	2.68
112	ddcdcdcdccdc	19707	52	310	0	0.492920370485904	0.59926135216142	0.00017852141594838	0	2.77
113	ddcdcdcdcccd	19657	73	317	0	0.493368740835774	0.600487075033755	1.1631024061301e-06	0	2.61
114	ddcdcdccddcc	19697	60	303	0	0.48776475158118	0.598844216541542	5.85295150773823e-05	0	2.67
115	ddcdcdccdcdc	19657	66	311	0	0.493024720075159	0.602101879556749	1.22378989815723e-05	0	2.62
116	ddcdcdccdccd	19574	105	316	0	0.49669099246719	0.603526401455425	3.25094139705411e-07	0	2.64
117	ddcdcdcccddc	19662	101	407	0	0.47170159605421	0.577070599733242	2.8532353075745e-26	0	2.54
118	ddcdcdcccdcd	19527	103	390	0	0.481186102242197	0.582103111514876	3.59136302205831e-18	0	2.46
119	ddcdcdccccdd	19473	99	364	0	0.480508223297811	0.585194772787836	5.3783225218169e-20	0	2.54
120	ddcdccdddccc	19505	148	482	0	0.470974799489505	0.58336160406509	3.33138219014826e-33	0	2.71
121	ddcdccddcdcc	19744	69	336	0	0.494588925491922	0.60011061510651	0.000429158664950682	0	2.44
122	ddcdccddccdc	19687	67	305	0	0.488158965959036	0.593487286306922	6.85517858567744e-08	0	2.45
123	ddcdccddcccd	19729	79	330	0	0.487388232090593	0.59655046225116	6.46203971845111e-12	0	2.78
124	ddcdccdcddcc	19761	63	295	0	0.497445378340032	0.602402781414811	0.0168617790118484	0	2.58
125	ddcdccdcdcdc	19756	65	294	0	0.498200389370388	0.607893018446972	4.98578994362358e-05	0	2.52
126	ddcdccdcdccd	19755	89	334	0	0.501066058846783	0.606594918584267	7.1463631124352e-08	0	2.85
127	ddcdccdccddc	19799	81	361	0	0.484557107134101	0.593363677422805	2.43891137413199e-11	0	2.99
128	ddcdccdccdcd	19738	76	364	0	0.493422712984319	0.593933178256102	3.77487347935112e-07	0	2.69
129	ddcdccdcccdd	19725	75	336	0	0.491391632844161	0.596659778628439	2.6051034413633e-09	0	2.66
130	ddcdcccdddcc	19677	88	338	0	0.492028838898779	0.599082514754342	1.00121963125921e-05	0	2.61
131	ddcdcccddcdc	19692	64	317	0	0.49558730030303	0.601797470368816	3.81546413033072e-06	0	2.65
132	ddcdcccddccd	19708	73	349	0	0.497250192909453	0.605543522868522	1.47789137815261e-06	0	2.64
133	ddcdcccdcddc	19768	75	372	0	0.484190784135624	0.592017178224075	1.79763715745629e-15	0	2.58
134	ddcdcccdcdcd	19772	75	346	0	0.493175239469219	0.597512008898706	8.34144154760607e-07	0	2.61
135	ddcdcccdccdd	19748	56	321	0	0.493606523226876	0.601847713994248	3.88866249324905e-07	0	2.56
136	ddcdccccdddc	19722	109	383	0	0.480993461609389	0.588506708790652	1.70343151614202e-20	0	2.48
137	ddcdccccddcd	19685	102	346	0	0.487522599904365	0.592327031776111	8.8944533590518e-10	0	2.6
138	ddcdccccdcdd	19700	83	346	0	0.489020162446688	0.600565360952087	2.49935534481894e-09	0	2.59
139	ddcdcccccddd	19517	192	613	0	0.445089514814258	0.555188077726761	1.18537695513583e-73	0	2.42
140	ddccddddcccc	19482	164	526	0	0.45665979428363	0.571327510193883	1.59521036846971e-47	0	2.54
141	ddccdddcdccc	19591	114	521	0	0.464777497113656	0.579522750453838	9.03067150435167e-34	0	2.2
142	ddccdddccdcc	19752	54	355	0	0.490049432948788	0.597829034621386	6.72188321927585e-06	0	2.22
143	ddccdddcccdc	19696	83	346	0	0.489941755709144	0.592147188816939	6.04308777126992e-08	0	2.24
144	ddccdddccccd	19607	81	376	0	0.483236982553537	0.588905594550405	1.56989383168176e-17	0	2.21
145	ddccddcddccc	19527	175	542	0	0.468376586816752	0.585856568722462	4.55932183257372e-37	0	2.17
146	ddccddcdcdcc	19763	66	335	0	0.494149177248163	0.606995155781225	1.79614219400408e-09	0	2.29
147	ddccddcdccdc	19709	75	323	0	0.48886221749479	0.596918555142909	2.32119325558918e-06	0	2.44
148	ddccddcdcccd	19708	83	359	0	0.483765218779872	0.598991602638609	1.26775282007111e-11	0	2.26
149	ddccddccddcc	19717	70	365	0	0.485459204539623	0.596962741427377	3.83888696291152e-08	0	2.94
150	ddccddccdcdc	19687	83	344	0	0.491606018091271	0.596306101199656	6.04357804350593e-08	0	3.83
151	ddccddccdccd	19665	96	373	0	0.489081881217651	0.596769649248797	8.83142707719288e-15	0	3.39
152	ddccddcccddc	19682	83	375	0	0.478456194706463	0.586010319386351	8.17153016197645e-18	0	3.12
153	ddccddcccdcd	19604	78	376	0	0.482136646305424	0.587580179213518	1.07044709104409e-17	0	2.72
154	ddccddccccdd	19541	83	363	0	0.48192387199939	0.585439335153273	1.68068546911463e-13	0	2.36
155	ddccdcdddccc	19382	191	546	0	0.45455609828269	0.568466348002214	3.67715163840456e-58	0	2.29
156	ddccdcddcdcc	19690	72	324	0	0.494401979784175	0.604667192785202	3.95256323257726e-07	0	2.34
157	ddccdcddccdc	19654	80	302	0	0.488816361069468	0.594117647058824	1.07973252247123e-07	0	2.36
158	ddccdcddcccd	19720	87	356	0	0.479999736077999	0.592762298099318	6.33809260678852e-16	0	2.34
159	ddccdcdcddcc	19759	61	332	0	0.495872850107456	0.604051121819105	0.000319685612797366	0	2.35
160	ddccdcdcdcdc	19731	54	320	0	0.497544612276512	0.603692750447498	4.98969924748449e-06	0	2.29
161	ddccdcdcdccd	19751	88	382	0	0.491589398154622	0.597505760068484	6.25991223726398e-12	0	2.17
162	ddccdcdccddc	19786	64	331	0	0.496840398203725	0.605263937449723	2.43255192138026e-06	0	2.27
163	ddccdcdccdcd	19716	82	339	0	0.498320242716658	0.60298310781759	1.27498330756474e-05	0	2.81
164	ddccdcdcccdd	19733	84	314	0	0.497917429335515	0.599548414296414	3.41504059411854e-06	0	2.31
165	ddccdccdddcc	19682	97	336	0	0.493090955302659	0.601604966310849	7.20733882585115e-09	0	2.29
166	ddccdccddcdc	19633	82	332	0	0.495764074407842	0.600628893001308	1.52632336450814e-07	0	2.35
167	ddccdccddccd	19740	106	372	0	0.492671362240627	0.602537622195671	2.87308471365875e-09	0	2.48
168	ddccdccdcddc	19739	75	303	0	0.498082893743894	0.605204861210087	5.43886066834978e-08	0	2.24
169	ddccdccdcdcd	19750	76	317	0	0.498091980238734	0.607965334242174	1.24800096820706e-05	0	2.31
170	ddccdccdccdd	19758	64	276	0	0.498453470585571	0.602418296270037	0.00641971272507971	0	2.47
171	ddccdcccdddc	19705	78	326	0	0.491444638016921	0.599937776759233	3.24484302115609e-13	0	2.51
172	ddccdcccddcd	19709	99	328	0	0.490348690680589	0.595981972347414	4.96326469710419e-07	0	2.46
173	ddccdcccdcdd	19753	82	318	0	0.494954863721125	0.601465201465202	1.80190413166847e-06	0	2.59
174	ddccdccccddd	19587	143	508	0	0.462729721654686	0.574447725816314	4.69247032939896e-39	0	2.58
175	ddcccddddccc	19480	136	545	0	0.457224916461574	0.571309682288803	3.11546116398332e-53	0	2.51
176	ddcccdddcdcc	19737	52	303	0	0.49229438053551	0.600910079439289	0.000382036820026348	0	2.3
177	ddcccdddccdc	19722	68	310	0	0.495419390302274	0.59988112784975	8.22005261996744e-06	0	2.27
178	ddcccdddcccd	19747	65	317	0	0.484155477936926	0.594623845765614	2.74084539707725e-14	0	2.35
179	ddcccddcddcc	19784	49	308	0	0.496697360126992	0.604242451316952	0.0124009409507256	0	2.3
180	ddcccddcdcdc	19764	69	302	0	0.497791052243196	0.605628556631265	0.00120024809172325	0	2.32
181	ddcccddcdccd	19753	73	343	0	0.497337470884726	0.603734386984051	2.12294460678469e-09	0	2.13
182	ddcccddccddc	19803	73	323	0	0.498887286894987	0.605590386729958	0.00401056977292536	0	2.22
183	ddcccddccdcd	19745	54	309	0	0.502742283944272	0.602031376843059	0.00733937180615992	0	2.2
184	ddcccddcccdd	19734	61	295	0	0.502091592313597	0.601938800216176	0.0017183804114399	0	2.19
185	ddcccdcdddcc	19683	74	323	0	0.490315502405713	0.600204278300633	1.39420869403209e-10	0	2.13
186	ddcccdcddcdc	19686	68	319	0	0.493054315279377	0.600352316207592	9.70717371390228e-08	0	2.19
187	ddcccdcddccd	19733	79	354	0	0.488158965776347	0.601454815613003	2.50534409317415e-10	0	2.33
188	ddcccdcdcddc	19736	59	304	0	0.491853361736803	0.600065445334154	1.30065920160546e-07	0	2.24
189	ddcccdcdcdcd	19753	49	273	0	0.497353620905361	0.601518026565465	0.000141681428282619	0	2.61
190	ddcccdcdccdd	19801	51	277	0	0.497304703276875	0.602433650325029	0.00770715026871794	0	3.84
191	ddcccdccdddc	19699	82	339	0	0.485139470873931	0.597256420593823	3.71736860057209e-13	0	3.71
192	ddcccdccddcd	19670	74	310	0	0.488938691382915	0.594261763263689	2.17461923641201e-06	0	2.97
193	ddcccdccdcdd	19712	73	318	0	0.493360185756379	0.601924196464136	6.38599551114503e-05	0	2.95
194	ddcccdcccddd	19548	117	490	0	0.460111974851738	0.570881487446234	1.32960702546102e-39	0	2.71
195	ddccccddddcc	19422	102	389	0	0.480832963146344	0.588416137099015	3.34662795684457e-24	0	2.65
196	ddccccdddcdc	19475	104	393	0	0.475833088796006	0.585873570326799	1.77538311431711e-25	0	2.69
197	ddccccdddccd	19594	131	452	0	0.474294356069851	0.585838028690945	4.22111011569318e-33	0	2.73
198	ddccccddcddc	19594	92	355	0	0.488083336325831	0.599326676182213	1.67694430424955e-12	0	2.38
199	ddccccddcdcd	19661	82	356	0	0.49217762234908	0.596487544658652	9.09968417159542e-07	0	2.23
200	ddccccddccdd	19697	72	334	0	0.491316591019562	0.597986564679757	8.37921670589673e-08	0	2.21
201	ddccccdcdddc	19667	81	359	0	0.48575013774321	0.599646073445574	4.40161222748682e-10	0	2.24
202	ddccccdcddcd	19692	106	355	0	0.492631974787167	0.600415341255583	6.97647843370254e-08	0	2.18
203	ddccccdcdcdd	19737	86	360	0	0.494851134450208	0.605833770871035	4.98049310320072e-07	0	2.27
204	ddccccdccddd	19620	132	488	0	0.474537570349325	0.587435534852829	2.7869940824101e-23	0	2.19
205	ddcccccddddc	19478	108	381	0	0.476143578630528	0.587675070028011	6.76460859996775e-24	0	2.18
206	ddcccccdddcd	19596	91	370	0	0.482322823410696	0.592147188816939	4.48133764024255e-14	0	2.28
207	ddcccccddcdd	19644	84	359	0	0.485616944932373	0.595423296049465	2.8858860909673e-09	0	2.43
208	ddcccccdcddd	19541	113	458	0	0.466726918326133	0.580384628931704	5.95424884332102e-32	0	2.21
209	ddccccccdddd	19456	151	512	0	0.457743659822821	0.574169484926698	1.22429993156887e-46	0	2.19
210	dcdddddccccc	19038	149	485	0	0.462754030404431	0.560812689893637	1.03723398541753e-36	0	2.25
211	dcddddcdcccc	19324	153	468	0	0.475987711839045	0.585899099697411	2.10477052290148e-24	0	2.2
212	dcddddccdccc	19297	125	454	0	0.475976139028351	0.582457751487814	5.89752528981649e-22	0	2.22
213	dcddddcccdcc	19476	125	408	0	0.474076254190368	0.583483427864491	7.71186618606797e-26	0	2.2
214	dcddddccccdc	19245	126	422	0	0.471988856064257	0.575589090541688	7.733260664647e-28	0	2.2
215	dcddddcccccd	19057	151	420	0	0.473274136733769	0.577330860737198	5.08269574312271e-32	0	2.16
216	dcdddcddcccc	19394	107	413	0	0.476634234370369	0.581345388738542	1.29299078068478e-25	0	2.19
217	dcdddcdcdccc	19497	79	390	0	0.482916914029334	0.585793632076511	2.15446456808506e-15	0	2.19
218	dcdddcdccdcc	19691	70	297	0	0.494640376787113	0.598849997310851	1.46916097871963e-07	0	2.22
219	dcdddcdcccdc	19585	59	311	0	0.485398734801242	0.588039628846462	2.44882932153038e-10	0	2.27
220	dcdddcdccccd	19473	83	311	0	0.487662401789098	0.590062111801242	5.694777919035e-13	0	2.24
221	dcdddccddccc	19556	88	429	0	0.48680913601611	0.594511251175759	9.70038785968161e-11	0	2.17
222	dcdddccdcdcc	19759	69	309	0	0.503616842867409	0.611228237230086	0.000423939224444684	0	2.22
223	dcdddccdccdc	19692	64	302	0	0.496857050786255	0.599947025111214	0.00140682168624288	0	2.25
224	dcdddccdcccd	19677	74	306	0	0.500454470038732	0.60646264380904	0.00126845150036928	0	2.21
225	dcdddcccddcc	19727	63	307	0	0.498681736871466	0.603834461916418	1.431426032257e-05	0	2.19
226	dcdddcccdcdc	19663	55	320	0	0.493491818575361	0.597629735955038	8.48178139659876e-05	0	2.26
227	dcdddcccdccd	19611	60	317	0	0.501375953375818	0.603875918860434	0.000333207860415526	0	2.42
228	dcdddccccddc	19688	89	439	0	0.469467594763727	0.581261270170437	5.14626945940867e-40	0	2.27
229	dcdddccccdcd	19620	97	384	0	0.479622511800624	0.586749990969187	5.73387297011319e-27	0	2.26
230	dcdddcccccdd	19506	78	370	0	0.477689527205355	0.584256810508857	8.03437423529985e-28	0	2.19
231	dcddcdddcccc	19427	104	413	0	0.471076819628417	0.577321682584841	9.10800484946849e-24	0	2.24
232	dcddcddcdccc	19508	81	410	0	0.477462140196386	0.58426400347373	1.14408016752895e-13	0	2.24
233	dcddcddccdcc	19698	70	308	0	0.490636114298234	0.594612698512665	1.54132777334399e-06	0	2.24
234	dcddcddcccdc	19554	78	318	0	0.485617448351696	0.586021505376344	5.17971225960585e-10	0	2.3
235	dcddcddccccd	19467	108	311	0	0.488474556322319	0.587280787423124	2.24463803888556e-13	0	2.38
236	dcddcdcddccc	19570	118	457	0	0.480682896209796	0.589432120212724	2.25473495518716e-13	0	2.32
237	dcddcdcdcdcc	19777	91	347	0	0.494797648739709	0.602658974037376	6.34448198253054e-07	0	2.62
238	dcddcdcdccdc	19642	77	321	0	0.487551231800088	0.594329838526211	3.57748071544583e-06	0	2.26
239	dcddcdcdcccd	19643	78	323	0	0.491390113846672	0.599251491029026	2.18947318436919e-06	0	2.23
240	dcddcdccddcc	19731	77	337	0	0.486910047032303	0.596888619926123	6.36627894316665e-07	0	2.2
241	dcddcdccdcdc	19608	73	356	0	0.489212646789742	0.597537957152304	3.24201347766717e-08	0	2.12
242	dcddcdccdccd	19590	100	328	0	0.491434123512972	0.601079600178818	2.20144679699953e-07	0	2.14
243	dcddcdcccddc	19668	110	489	0	0.459134010813397	0.572547535521301	4.06287918637774e-43	0	2.15
244	dcddcdcccdcd	19552	126	395	0	0.472800514034941	0.580035501247371	1.39279221759534e-30	0	2.11
245	dcddcdccccdd	19429	117	400	0	0.470209409774144	0.579232601237179	1.29053171061103e-32	0	2.09
246	dcddccdddccc	19422	115	475	0	0.467657762533067	0.573390346292477	3.28158553279862e-31	0	2.16
247	dcddccddcdcc	19725	89	337	0	0.491009421977159	0.598067242040759	4.0038887871833e-07	0	2.36
248	dcddccddccdc	19604	81	311	0	0.485420252207904	0.587625987971411	7.88727618361269e-12	0	2.15
249	dcddccddcccd	19670	82	338	0	0.484154192939905	0.593090419819359	6.04365058554395e-12	0	2.16
250	dcddccdcddcc	19741	71	311	0	0.489080205042566	0.597415416661371	0.000189300419871803	0	2.16
251	dcddccdcdcdc	19681	43	313	0	0.48897626342299	0.597171619957449	1.59066834278706e-07	0	2.19
252	dcddccdcdccd	19704	68	318	0	0.489510355350965	0.597956591983887	2.80136516108713e-09	0	2.18
253	dcddccdccddc	19769	90	404	0	0.472467370894304	0.589015950966463	1.12077709623589e-25	0	2.16
254	dcddccdccdcd	19710	108	388	0	0.480660999319358	0.588514746447181	1.31689235122395e-14	0	2.17
255	dcddccdcccdd	19667	84	360	0	0.478728738289536	0.59111138175296	5.47231077500274e-20	0	2.15
256	dcddcccdddcc	19723	80	351	0	0.49185654668913	0.600074333994474	4.24298263921805e-07	0	2.26
257	dcddcccddcdc	19667	64	346	0	0.491362063751901	0.597737116992573	2.11085591866319e-08	0	2.18
258	dcddcccddccd	19735	69	348	0	0.493040135584915	0.602486346768685	1.5958230495828e-05	0	2.19
259	dcddcccdcddc	19789	94	423	0	0.472674830043041	0.58976535536585	8.84377839769302e-25	0	2.2
260	dcddcccdcdcd	19812	96	392	0	0.486597794969751	0.598567841516697	7.87196705539007e-12	0	2.21
261	dcddcccdccdd	19775	60	368	0	0.483540189708805	0.595729835806819	1.69068073108971e-10	0	2.48
262	dcddccccdddc	19772	107	437	0	0.465426553020921	0.58416766108045	9.27029948932454e-39	0	2.44
263	dcddccccddcd	19744	122	381	0	0.47891342698232	0.590243902439025	5.44682820280821e-18	0	2.36
264	dcddccccdcdd	19722	82	397	0	0.477601428715639	0.593925284544286	1.38620140517396e-15	0	2.52
265	dcddcccccddd	19569	253	714	0	0.434104357552973	0.553865303643879	1.87562116201447e-103	0	2.5
266	dcdcddddcccc	19386	142	488	0	0.465091746193946	0.572499073512441	1.95974184195021e-35	0	2.49
267	dcdcdddcdccc	19501	105	463	0	0.474642724432571	0.576285048900746	4.8221032714386e-25	0	2.65
268	dcdcdddccdcc	19708	59	322	0	0.491885278873146	0.598697804203975	3.55623700307854e-05	0	2.65
269	dcdcdddcccdc	19587	95	343	0	0.490219557178844	0.588976519696208	3.13245933996074e-07	0	2.52
270	dcdcdddccccd	19536	89	336	0	0.491378210379454	0.590285439900464	4.94443137985187e-12	0	2.54
271	dcdcddcddccc	19535	130	502	0	0.476584872156345	0.585889715035424	2.20216538275907e-23	0	2.54
272	dcdcddcdcdcc	19776	66	344	0	0.499682748281923	0.610118044391129	7.02464387189979e-06	0	2.49
273	dcdcddcdccdc	19691	85	321	0	0.498013914768461	0.599908325213136	0.000241076697584574	0	2.49
274	dcdcddcdcccd	19711	76	335	0	0.494542570019089	0.601518026565465	7.03841273944813e-05	0	2.56
275	dcdcddccddcc	19741	63	339	0	0.489550734481126	0.599961561553706	4.83564554683459e-07	0	2.59
276	dcdcddccdcdc	19688	83	354	0	0.495106959241242	0.597523983328812	1.34932035711208e-05	0	2.56
277	dcdcddccdccd	19660	81	338	0	0.494449299906871	0.59801942875444	2.61149809696034e-07	0	2.43
278	dcdcddcccddc	19687	97	408	0	0.476776263223069	0.587650528999711	6.92826879784135e-25	0	2.42
279	dcdcddcccdcd	19652	82	351	0	0.484664639464286	0.593154615635262	3.89933191877581e-20	0	2.36
280	dcdcddccccdd	19497	95	351	0	0.481684448124631	0.584991798379067	1.03075009726318e-13	0	2.33
281	dcdcdcdddccc	19309	149	495	0	0.464730672637587	0.567544284398183	8.44239271092469e-42	0	3.51
282	dcdcdcddcdcc	19685	65	293	0	0.496319174294051	0.604362920405011	1.31741883758471e-05	0	3.59
283	dcdcdcddccdc	19600	82	282	0	0.495142038821965	0.594219963854601	6.30214378762777e-06	0	3.78
284	dcdcdcddcccd	19683	65	309	0	0.492644300152906	0.598454929701943	2.33897028453125e-09	0	3.64
285	dcdcdcdcddcc	19749	63	309	0	0.500834252898563	0.606943684663528	0.000893335438500368	0	3.71
286	dcdcdcdcdcdc	19685	66	313	0	0.500920513277316	0.603186414999361	0.000292839235636802	0	3.67
287	dcdcdcdcdccd	19709	60	326	0	0.496430741189191	0.600000329764765	1.76062987358611e-06	0	3.97
288	dcdcdcdccddc	19760	65	330	0	0.492711572756318	0.604707064894455	3.09138067951356e-09	0	3.8
289	dcdcdcdccdcd	19741	69	310	0	0.499891268499433	0.607982450758428	5.05987440431588e-07	0	3.66
290	dcdcdcdcccdd	19693	73	292	0	0.494210874466349	0.600417599848944	3.10434879155815e-07	0	3.57
291	dcdcdccdddcc	19717	62	314	0	0.499568291950901	0.604877168354365	9.18533418126086e-06	0	3.69
292	dcdcdccddcdc	19659	81	330	0	0.501055102358797	0.60064004558896	0.000583027489237342	0	3.62
293	dcdcdccddccd	19743	81	340	0	0.498244326404504	0.604035129095513	0.00252050450850648	0	3.62
294	dcdcdccdcddc	19755	68	321	0	0.492672879375073	0.606534412006261	7.93313882967073e-08	0	3.54
295	dcdcdccdcdcd	19790	59	307	0	0.501883224664583	0.612494338053508	0.00124408063891352	0	3.45
296	dcdcdccdccdd	19782	51	271	0	0.500990108544148	0.606877260817777	0.0260713854797638	0	3.56
297	dcdcdcccdddc	19746	54	332	0	0.484847929970349	0.601032560936817	1.21699037439355e-14	0	3.65
298	dcdcdcccddcd	19739	66	330	0	0.492016442593356	0.601232529513213	1.02620374974293e-05	0	3.65
299	dcdcdcccdcdd	19762	59	335	0	0.492908693284949	0.601614029203049	0.000147658378823553	0	3.64
300	dcdcdccccddd	19637	145	534	0	0.458757411174669	0.579384054972654	1.61044087744849e-48	0	3.44
301	dcdccddddccc	19442	148	518	0	0.463419729190862	0.569994335586628	2.8672542123443e-39	0	2.11
302	dcdccdddcdcc	19720	67	307	0	0.496468044441234	0.602112312529435	1.77266037194417e-05	0	2.18
303	dcdccdddccdc	19641	91	301	0	0.490700218792287	0.592925655529761	5.56847329463913e-06	0	2.23
304	dcdccdddcccd	19718	63	305	0	0.489650967485194	0.595112243793405	1.30665751395774e-08	0	2.16
305	dcdccddcddcc	19759	66	313	0	0.496463203900453	0.60322210913437	0.00254162681834317	0	2.15
306	dcdccddcdcdc	19695	61	325	0	0.494960136612806	0.601518026565465	0.000147981742718608	0	2.26
307	dcdccddcdccd	19725	74	336	0	0.497923695509706	0.601465201465202	2.50455545611831e-07	0	2.34
308	dcdccddccddc	19774	70	358	0	0.494171598369394	0.602488939468365	1.12470745930396e-08	0	2.15
309	dcdccddccdcd	19754	62	314	0	0.499976729202078	0.602502363585219	1.07168185377524e-05	0	2.3
310	dcdccddcccdd	19683	82	295	0	0.497617211753621	0.599071599105193	2.03162790193718e-07	0	2.13
311	dcdccdcdddcc	19753	90	342	0	0.497224420001811	0.602798183908494	6.98887429084609e-09	0	2.3
312	dcdccdcddcdc	19682	94	355	0	0.494279806071152	0.598840162427961	7.18586835377771e-07	0	2.17
313	dcdccdcddccd	19766	77	339	0	0.491031742758931	0.601465201465202	2.72943309519058e-06	0	2.29
314	dcdccdcdcddc	19753	83	358	0	0.48590016464728	0.600118188270918	9.50510358628322e-12	0	2.33
315	dcdccdcdcdcd	19807	48	315	0	0.494727680521285	0.606065719714069	7.65373834176879e-06	0	2.22
316	dcdccdcdccdd	19796	61	295	0	0.493235406466598	0.60171042126952	0.000581895430015341	0	2.54
317	dcdccdccdddc	19751	76	393	0	0.476621837869284	0.594894159589296	2.208336835676e-20	0	2.36
318	dcdccdccddcd	19731	85	345	0	0.489560880593027	0.597814781712471	8.92399167979677e-11	0	2.32
319	dcdccdccdcdd	19710	66	342	0	0.491061782271844	0.601708974654928	7.59242439474798e-07	0	2.23
320	dcdccdcccddd	19618	160	573	0	0.455590459091063	0.573784344934045	2.62135605173842e-56	0	2.25
321	dcdcccddddcc	19459	110	377	0	0.478745504311254	0.587675070028011	1.81049994942414e-23	0	3.23
322	dcdcccdddcdc	19428	100	392	0	0.477961624361618	0.583718241401088	2.06298321528438e-23	0	2.97
323	dcdcccdddccd	19580	113	402	1	0.473759608894498	0.582282883690868	7.0924544341815e-25	0	3.27
324	dcdcccddcddc	19587	114	371	0	0.480691071530953	0.594045134780457	4.81687732018292e-19	0	3.16
325	dcdcccddcdcd	19671	106	347	0	0.489848840859872	0.597386257394861	4.19171355255491e-11	0	3.23
326	dcdcccddccdd	19665	83	348	0	0.48845268502146	0.597121115368712	9.76225263133575e-12	0	3.17
327	dcdcccdcdddc	19660	77	383	0	0.478073444239154	0.598322876926586	1.7383372046756e-18	0	3.46
328	dcdcccdcddcd	19676	88	360	0	0.486574563276158	0.596491654768153	1.69310445076324e-10	0	3.24
329	dcdcccdcdcdd	19699	76	365	0	0.488789404534377	0.603897735678788	3.76390891663532e-12	0	3.22
330	dcdcccdccddd	19617	204	549	0	0.466756818923356	0.587175569303468	5.82745057882666e-39	0	3.25
331	dcdccccddddc	19560	115	436	0	0.473981375416689	0.588665411193228	1.11422505482724e-26	0	3.3
332	dcdccccdddcd	19672	98	396	0	0.48214764783354	0.593154615635262	5.96267345123214e-14	0	3.22
333	dcdccccddcdd	19690	79	398	0	0.484057754121297	0.593440270818257	1.50730205506488e-09	0	3.29
334	dcdccccdcddd	19626	164	516	0	0.461763383451576	0.583786417442723	2.40252823919518e-43	0	3.33
335	dcdcccccdddd	19532	196	588	0	0.453492604992219	0.576949403892519	1.00105854173485e-63	0	3.21
336	dccdddddcccc	19502	159	535	0	0.464168977096728	0.575748675153626	4.04347750582256e-39	0	3.2
337	dccddddcdccc	19587	110	478	0	0.470456829326643	0.583404718083674	3.43310148810235e-27	0	3.2
338	dccddddccdcc	19648	82	382	0	0.487009962673082	0.593062531372006	1.03432968263855e-06	0	3.21
339	dccddddcccdc	19630	92	363	0	0.484855995073259	0.589447597348811	3.52374176176752e-10	0	3.12
340	dccddddccccd	19519	101	388	0	0.484655794313739	0.588926154216623	6.28503397388309e-16	0	3.11
341	dccdddcddccc	19577	162	522	0	0.469748633051594	0.584017515051998	1.25052178949097e-30	0	2.62
342	dccdddcdcdcc	19674	103	402	0	0.492785954548042	0.601305319086424	4.04433859437457e-10	0	2.47
343	dccdddcdccdc	19663	91	377	0	0.48740291097754	0.591644254830067	5.09716852092668e-07	0	2.53
344	dccdddcdcccd	19636	102	385	0	0.488215757515557	0.596766816604826	8.73872440006702e-11	0	2.66
345	dccdddccddcc	19597	87	378	0	0.483772598018914	0.593688621040871	1.27011518646871e-08	0	2.58
346	dccdddccdcdc	19634	112	352	0	0.488173053997183	0.593481634107104	1.92484611171783e-08	0	2.69
347	dccdddccdccd	19559	104	375	0	0.48760671291244	0.596292858259497	1.84433371506336e-11	0	2.7
348	dccdddcccddc	19540	125	459	2	0.471814225103793	0.574748774741785	1.06567593629367e-29	0	2.69
349	dccdddcccdcd	19416	116	444	0	0.476469681029498	0.578342289228711	3.82009930656724e-23	0	2.53
350	dccdddccccdd	19426	128	393	0	0.47735314790279	0.578892451674964	4.92594591178518e-22	0	2.57
351	dccddcdddccc	19616	125	529	1	0.4649364674797	0.580508576508624	5.44575134405141e-38	0	2.68
352	dccddcddcdcc	19742	69	344	0	0.498182994038103	0.606095887098874	9.58496803991726e-05	0	2.75
353	dccddcddccdc	19750	61	327	0	0.492939224032515	0.597021795909687	0.000110380394537263	0	2.71
354	dccddcddcccd	19773	84	340	0	0.492258450986809	0.601924196464136	4.77394181837662e-09	0	2.81
355	dccddcdcddcc	19797	51	313	0	0.501432146309071	0.60676683363963	0.0481172566102121	0	2.76
356	dccddcdcdcdc	19812	44	305	0	0.499365120635927	0.606317082089975	0.00475196129264307	0	2.76
357	dccddcdcdccd	19787	67	331	0	0.499676101501097	0.604612802119615	1.85383832934843e-05	0	2.92
358	dccddcdccddc	19806	57	332	0	0.490816320662296	0.598994544737549	2.5751464214201e-08	0	2.71
359	dccddcdccdcd	19739	71	339	0	0.499692017610579	0.601935196992292	1.38630505891458e-05	0	2.92
360	dccddcdcccdd	19770	65	284	0	0.496348478124079	0.599493107582121	2.05654130146168e-06	0	2.84
361	dccddccdddcc	19686	58	317	0	0.500444168482889	0.602820041465255	0.000149942471970663	0	2.49
362	dccddccddcdc	19742	66	325	0	0.496629597659091	0.599837232712302	0.00257752721940292	0	2.47
363	dccddccddccd	19775	78	350	0	0.498312350504371	0.606288769694375	0.00405142669492997	0	2.64
364	dccddccdcddc	19735	65	343	0	0.494407528229316	0.600149567604295	4.75395814438633e-10	0	2.46
365	dccddccdcdcd	19735	71	344	0	0.501732137947636	0.606823961157022	0.000271372699613683	0	2.46
366	dccddccdccdd	19787	62	289	0	0.50011536931299	0.603393789150783	0.00298107611159053	0	2.51
367	dccddcccdddc	19705	53	322	0	0.485682989147869	0.595156959408524	1.15878320082222e-14	0	2.64
368	dccddcccddcd	19674	78	323	0	0.496886982818242	0.599340359022489	7.89465561148537e-06	0	2.4
369	dccddcccdcdd	19751	61	299	0	0.494584431572876	0.601465201465202	0.00036964547477471	0	2.45
370	dccddccccddd	19501	150	537	0	0.457576961801838	0.564270044129603	1.44760746686063e-49	0	2.43
371	dccdcddddccc	19618	123	511	1	0.464129475597536	0.578564182790543	6.80412856644798e-34	0	2.5
372	dccdcdddcdcc	19752	65	352	0	0.501502662070136	0.602787282175012	0.000309389890672719	0	2.48
373	dccdcdddccdc	19737	69	331	0	0.495284200210189	0.597830367509976	4.80146147869805e-05	0	2.41
374	dccdcdddcccd	19745	88	324	0	0.491543702392093	0.599722655495325	4.17596248046702e-08	0	2.53
375	dccdcddcddcc	19751	62	306	0	0.49830843444911	0.603225952860909	0.0899081378040903	0	2.45
376	dccdcddcdcdc	19780	59	311	0	0.497162863907557	0.607380606305642	0.00775545402772431	0	2.44
377	dccdcddcdccd	19767	69	302	0	0.504923624290467	0.608302848232714	4.88231158470862e-05	0	2.48
378	dccdcddccddc	19767	73	363	1	0.4928796970978	0.597636804733092	1.03204471992749e-05	0	2.41
379	dccdcddccdcd	19648	76	320	0	0.501478810349468	0.598674832589003	0.000214175596665193	0	2.43
380	dccdcddcccdd	19730	87	302	0	0.499974543018922	0.60146194184014	1.13081127282865e-05	0	2.41
381	dccdcdcdddcc	19673	87	343	0	0.493929963140036	0.598557574616015	9.81921232647644e-07	0	2.4
382	dccdcdcddcdc	19699	70	347	0	0.492250419419222	0.599111493138187	2.42204048042164e-05	0	2.4
383	dccdcdcddccd	19742	77	348	0	0.496345270729348	0.605306281484821	9.38615362986919e-06	0	2.65
384	dccdcdcdcddc	19706	84	361	0	0.487469666545631	0.591364744368368	2.67456727571567e-10	0	2.45
385	dccdcdcdcdcd	19683	76	332	0	0.497492296235079	0.599063828601684	6.14898025130305e-05	0	2.45
386	dccdcdcdccdd	19751	76	302	0	0.496083497728599	0.60103910129081	0.00051171440751683	0	2.44
387	dccdcdccdddc	19666	98	356	0	0.478208861265371	0.586818641419248	2.07943911831219e-15	0	2.62
388	dccdcdccddcd	19593	98	315	0	0.487993661327214	0.592202785895386	1.21519451843351e-07	0	2.39
389	dccdcdccdcdd	19698	83	320	0	0.494438602266902	0.602425896480894	4.31834130967813e-06	0	2.43
390	dccdcdcccddd	19360	182	536	0	0.457847058667947	0.559925894064254	2.55536740050391e-55	0	2.36
391	dccdccddddcc	19526	89	376	0	0.491823114676411	0.593150729266594	3.21222935181151e-11	0	2.58
392	dccdccdddcdc	19658	76	335	0	0.485775376779423	0.593159065628476	3.35119632681933e-14	0	2.48
393	dccdccdddccd	19705	94	376	0	0.484450875043732	0.592827939298966	1.04738042288243e-12	0	2.44
394	dccdccddcddc	19694	94	360	0	0.490980559266465	0.5966339655173	1.13837961867479e-09	0	2.51
395	dccdccddcdcd	19705	92	353	0	0.498325158562726	0.601480489792465	4.36103147769223e-05	0	2.45
396	dccdccddccdd	19763	76	320	0	0.49580535498519	0.601060356722779	2.76509161043682e-05	0	2.49
397	dccdccdcdddc	19734	77	325	0	0.488135092509169	0.599676323328897	3.1869932212146e-08	0	2.49
398	dccdccdcddcd	19717	89	322	0	0.49754564729662	0.60168458844364	0.000582768911564332	0	2.51
399	dccdccdcdcdd	19811	86	321	0	0.502751505558871	0.612420182219035	3.66504774689778e-06	0	2.49
400	dccdccdccddd	19598	158	523	0	0.471534192064752	0.584081713144551	4.56230170465293e-27	0	2.38
401	dccdcccddddc	19560	102	374	0	0.480880958727325	0.586079569708871	1.69565958588373e-20	0	2.08
402	dccdcccdddcd	19642	85	368	0	0.490673123151452	0.594533403932173	8.05075423921005e-08	0	2.06
403	dccdcccddcdd	19737	72	336	0	0.491031770171524	0.598396927444268	1.13933225382681e-05	0	2.26
404	dccdcccdcddd	19551	130	505	0	0.465092069939357	0.575504756627143	1.70620948714496e-34	0	2.06
405	dccdccccdddd	19466	158	532	0	0.45962862312887	0.571322838770635	4.97316471780088e-49	0	2.05
406	dcccdddddccc	19559	155	609	1	0.444901854195843	0.559934642540026	1.0088787480762e-77	0	2.1
407	dcccddddcdcc	19694	69	360	0	0.487316538048554	0.597800825419334	4.90814991871253e-07	0	2.28
408	dcccddddccdc	19722	87	352	0	0.487002493679955	0.592993079204863	8.29979364538345e-10	0	2.09
409	dcccddddcccd	19773	93	378	0	0.484510834543351	0.594372271599173	5.45804224240194e-17	0	2.13
410	dcccdddcddcc	19775	48	352	0	0.491579026439851	0.601444429760804	3.65965809734139e-05	0	2.1
411	dcccdddcdcdc	19805	77	357	0	0.493109130147404	0.601140484661574	4.20568772154611e-05	0	2.14
412	dcccdddcdccd	19802	85	378	0	0.489388249288619	0.598425085372258	9.1437509262433e-12	0	2.12
413	dcccdddccddc	19745	67	337	0	0.494952212200028	0.60146194184014	8.82220562088036e-05	0	2.14
414	dcccdddccdcd	19705	64	328	0	0.500919187673016	0.603687339898318	3.88149278919656e-05	0	2.14
415	dcccdddcccdd	19734	82	304	0	0.497233500624455	0.599507389237243	0.0012328099888293	0	2.1
416	dcccddcdddcc	19681	64	370	0	0.48486477978816	0.593958007755955	1.23525301887685e-11	0	2.11
417	dcccddcddcdc	19705	96	382	0	0.485803865087502	0.588268718476645	1.05182071983773e-08	0	2.08
418	dcccddcddccd	19755	101	405	0	0.483680558394679	0.596248532694155	2.15179215934193e-12	0	2.15
419	dcccddcdcddc	19686	77	327	0	0.492282402499675	0.599594256154097	3.47238368882198e-08	0	2.11
420	dcccddcdcdcd	19697	69	324	0	0.497359031713037	0.604192041935575	1.01082041868704e-05	0	2.07
421	dcccddcdccdd	19754	70	309	0	0.497160873197825	0.602048614071528	0.00753306041611196	0	2.18
422	dcccddccdddc	19663	77	340	0	0.481709187648476	0.592314465178141	6.00973679834305e-14	0	2.27
423	dcccddccddcd	19635	87	320	0	0.487421928953218	0.59243060687507	2.53714236906146e-08	0	2.83
424	dcccddccdcdd	19730	83	330	0	0.492729158804459	0.59678039704092	0.000701301447968164	0	2.22
425	dcccddcccddd	19464	130	500	0	0.467908926269144	0.574957642968864	9.10020792439277e-35	0	2.18
426	dcccdcddddcc	19505	81	396	0	0.483306683936804	0.592953762502818	5.87527344863185e-21	0	2.26
427	dcccdcdddcdc	19603	109	369	0	0.486233658290158	0.58792004363237	5.18997593334098e-17	0	2.32
428	dcccdcdddccd	19707	98	412	0	0.47479327449668	0.585885390746684	1.61947805395069e-22	0	2.26
429	dcccdcddcddc	19618	69	316	0	0.49678402472038	0.604862694069008	2.80161445243045e-06	0	2.31
430	dcccdcddcdcd	19676	67	322	0	0.500297766899112	0.608575792161973	0.000152137260067242	0	2.17
431	dcccdcddccdd	19764	67	289	0	0.502257026061221	0.605555047490295	0.000560312905642624	0	2.27
432	dcccdcdcdddc	19700	69	308	0	0.498405252817317	0.607091451988425	1.37438143346988e-07	0	2.25
433	dcccdcdcddcd	19733	78	323	0	0.497921409274986	0.602742925680188	0.00122326794977888	0	2.22
434	dcccdcdcdcdd	19820	53	296	0	0.50325110998621	0.611049748327672	0.000578055793496753	0	2.33
435	dcccdcdccddd	19661	99	431	0	0.486732497151007	0.596775403649186	2.27369677826082e-15	0	2.24
436	dcccdccddddc	19520	77	317	0	0.490888447235253	0.594530181795728	1.84551275444974e-13	0	2.24
437	dcccdccdddcd	19629	82	331	0	0.495705161281346	0.599954483450173	4.42967830850173e-07	0	2.16
438	dcccdccddcdd	19728	75	315	0	0.496375144870269	0.601250430174793	0.000332888364543042	0	2.24
439	dcccdccdcddd	19544	89	408	0	0.48099606479579	0.591488413051639	1.05253983583202e-15	0	2.2
440	dcccdcccdddd	19500	102	415	0	0.471022694920558	0.582857135992831	1.7668122090657e-26	0	2.23
441	dccccdddddcc	19514	78	388	0	0.486337090611943	0.592943289289461	7.98543564239295e-19	0	2.44
442	dccccddddcdc	19641	96	362	0	0.485324879655617	0.588980576627155	6.43031945185001e-18	0	2.69
443	dccccddddccd	19713	86	404	0	0.482305729660816	0.59292587786262	2.60466478888425e-21	0	3.08
444	dccccdddcddc	19621	71	325	0	0.500522494355962	0.603666754079106	5.88183959866485e-05	0	2.39
445	dccccdddcdcd	19671	61	306	0	0.500369868816003	0.603321355792776	0.00151508977445682	0	2.74
446	dccccdddccdd	19780	66	279	0	0.503305633110163	0.606188444485892	0.00117828458660478	0	2.8
447	dccccddcdddc	19680	74	323	0	0.494007458356216	0.603391364720969	0.000251590686722993	0	2.79
448	dccccddcddcd	19683	66	305	0	0.502496139231071	0.605922816206239	0.00623555029111855	0	2.36
449	dccccddcdcdd	19780	67	284	0	0.507436408676987	0.612841375369936	0.00156911796763747	0	2.7
450	dccccddccddd	19605	105	420	0	0.48643947326029	0.595298413116452	7.81779116352766e-11	0	2.63
451	dccccdcddddc	19507	91	346	0	0.480307672569158	0.58762408989034	6.53279567349669e-19	0	2.83
452	dccccdcdddcd	19617	72	333	1	0.490451038604758	0.594571694435842	1.72717290499709e-09	0	2.73
453	dccccdcddcdd	19715	76	312	0	0.494744234140015	0.599873087709558	5.89382962242017e-05	0	2.48
454	dccccdcdcddd	19546	97	393	0	0.47778684003885	0.585486211901306	2.18799650168813e-18	0	2.76
455	dccccdccdddd	19422	125	444	0	0.467175057983622	0.57866682435277	1.17881729296618e-33	0	2.59
456	dcccccdddddc	19170	124	430	0	0.475350461857808	0.584947907659945	4.86406764198942e-30	0	2.51
457	dcccccddddcd	19334	112	408	0	0.479609164019136	0.58546861094983	2.86504159792803e-20	0	2.73
458	dcccccdddcdd	19567	121	387	0	0.479355637397767	0.588608718603048	6.81205494872892e-17	0	2.62
459	dcccccddcddd	19369	155	472	0	0.478077610902011	0.588691603991763	7.0295624808538e-22	0	2.47
460	dcccccdcdddd	19407	162	477	0	0.474908915649193	0.591138266389512	1.95012711717852e-24	0	2.55
461	dccccccddddd	19173	178	517	0	0.461171603730158	0.572470130167577	7.01820512153708e-44	0	3.44
