perm	control_libs	n_compartments	GLMM_sig	Fisher_sig	Wilcox_sig	n_tested_glmm	med_p_glmm	med_p_fisher	ks_glmm	ks_fisher	mins
1	CEC1|CEC2|CEC5	1	845	3961	0	16852	0.377719731224499	0.190853242631596	1.41059851646679e-281	0	2.98
2	CEC1|CEC2|GEC1	2	717	3149	0	16587	0.379840915686155	0.231338298028598	8.89342468648495e-248	0	2.85
3	CEC1|CEC2|GEC2	2	738	3310	0	16158	0.380864291965365	0.222059796237296	1.15633124433174e-260	0	2.87
4	CEC1|CEC2|GEC3	2	701	3164	0	16190	0.383886621379687	0.223135592004079	5.80625084431603e-246	0	2.81
5	CEC1|CEC2|GEC4	2	664	3119	0	16292	0.387569489034365	0.225309459420083	2.655225092529e-237	0	2.81
6	CEC1|CEC2|GEC5	2	740	3254	0	16474	0.383337943075294	0.220392835985827	2.14207719065299e-253	0	2.83
7	CEC1|CEC2|MEC1	2	803	3813	0	17733	0.375282386040827	0.208953715638207	0	0	3.11
8	CEC1|CEC2|MEC2	2	905	3564	0	16776	0.370353572130622	0.212614371746248	4.87129204821546e-300	0	3.03
9	CEC1|CEC2|MEC3	2	807	3472	0	16602	0.372852603226344	0.217852550685649	1.95579942967767e-272	0	2.3
10	CEC1|CEC2|MEC4	2	781	3410	0	16781	0.37536483955519	0.215453095893299	1.04075948835064e-294	0	2.98
11	CEC1|CEC2|MEC5	2	739	3307	0	16805	0.381836752497022	0.223730937322837	2.02644255528691e-252	0	3.09
12	CEC1|CEC5|GEC1	2	739	3292	0	16985	0.380139008823667	0.224390024516026	1.77137158515012e-250	0	3
13	CEC1|CEC5|GEC2	2	728	3391	0	16590	0.379645741594054	0.214435171851055	1.92438758507998e-263	0	2.98
14	CEC1|CEC5|GEC3	2	720	3236	0	16679	0.379496359079395	0.216318409117103	1.62271267003871e-248	0	2.99
15	CEC1|CEC5|GEC4	2	704	3290	0	16716	0.385653400934006	0.216043574136476	1.43351720813328e-232	0	2.98
16	CEC1|CEC5|GEC5	2	778	3436	0	16816	0.37582497451505	0.213779605765205	1.54331358236167e-278	0	3.09
17	CEC1|CEC5|MEC1	2	930	3909	0	17745	0.370071920819925	0.202845863502108	0	0	3.2
18	CEC1|CEC5|MEC2	2	826	3523	0	17044	0.374466902959853	0.214618736790842	7.42186867747848e-287	0	2.99
19	CEC1|CEC5|MEC3	2	830	3522	0	16914	0.372183147865203	0.214297267956396	1.6313684145667e-285	0	3
20	CEC1|CEC5|MEC4	2	759	3462	0	17079	0.378668322219944	0.20960505598049	6.37451071168121e-288	0	3.76
21	CEC1|CEC5|MEC5	2	763	3455	0	17055	0.379542179589536	0.216800595942947	5.3193929872384e-271	0	3.53
22	CEC1|GEC1|GEC2	2	596	2833	0	15900	0.388080323450724	0.243727712780124	1.30329837250882e-216	0	3.37
23	CEC1|GEC1|GEC3	2	553	2780	0	15966	0.391076716393431	0.241732704898034	1.40969223433851e-202	0	3.72
24	CEC1|GEC1|GEC4	2	540	2793	0	16087	0.396711097048735	0.24305315120266	2.04570681559818e-189	0	3.46
25	CEC1|GEC1|GEC5	2	592	2929	0	16191	0.386368214864369	0.238127478538719	1.66945056163805e-232	0	3.52
26	CEC1|GEC1|MEC2	3	761	2944	0	16854	0.380348117877796	0.236234453779394	5.90366937297453e-247	0	3.39
27	CEC1|GEC1|MEC3	3	717	2872	0	16646	0.388498410146639	0.247503827835703	8.6865095356947e-237	0	3.52
28	CEC1|GEC1|MEC4	3	646	2695	0	16764	0.394331289228578	0.248592272904637	6.96963502870527e-222	0	3.55
29	CEC1|GEC1|MEC5	3	640	2717	0	16764	0.395450282882236	0.259479895045581	2.98665481295595e-202	0	3.7
30	CEC1|GEC2|GEC3	2	539	2813	0	15442	0.386263744464012	0.235233924352201	3.28344406438377e-212	0	3.17
31	CEC1|GEC2|GEC4	2	546	2788	0	15544	0.392930942540264	0.244875881958063	4.25935400264458e-194	0	2.96
32	CEC1|GEC2|GEC5	2	608	2832	0	15695	0.38653284631639	0.235189844371936	2.2036212685762e-218	0	3.6
33	CEC1|GEC2|MEC1	3	853	3340	0	17806	0.390818189151096	0.232823644797527	1.6765074383666e-281	0	4.03
34	CEC1|GEC2|MEC2	3	826	3141	0	16355	0.381390510512942	0.2301206820913	8.97108674432613e-265	0	4
35	CEC1|GEC2|MEC3	3	706	3073	0	16147	0.381587994250605	0.238497588500509	1.78912376454865e-248	0	3.76
36	CEC1|GEC2|MEC4	3	672	2910	0	16348	0.388360779559017	0.237846849622003	1.30631399941399e-241	0	3.52
37	CEC1|GEC2|MEC5	3	625	2770	0	16322	0.393288351660714	0.250188844703387	2.62492788582345e-206	0	3.56
38	CEC1|GEC3|GEC4	2	522	2670	0	15617	0.396053116804889	0.243408467958002	8.88536500775778e-176	0	3.42
39	CEC1|GEC3|GEC5	2	587	2813	0	15797	0.38653284631639	0.240434128505353	1.72568168187607e-212	0	3.75
40	CEC1|GEC3|MEC1	3	827	3181	0	17813	0.391947187168298	0.236238088067419	1.45714768035672e-275	0	3.55
41	CEC1|GEC3|MEC2	3	788	3029	0	16410	0.383348260064713	0.234386176979764	3.34449881835974e-252	0	3.6
42	CEC1|GEC3|MEC3	3	728	2878	0	16189	0.385367832893036	0.242389105403839	1.13340912494779e-228	0	3.41
43	CEC1|GEC3|MEC4	3	638	2777	0	16420	0.390999959578925	0.239682087748351	2.37543786340015e-225	0	3.03
44	CEC1|GEC3|MEC5	3	615	2716	0	16385	0.397246817920139	0.252156960610314	4.1237613445962e-203	0	2.97
45	CEC1|GEC4|GEC5	2	558	2820	0	15892	0.391715852012447	0.242655435605196	8.04692797076492e-212	0	3.16
46	CEC1|GEC4|MEC1	3	809	3193	0	17827	0.394822612562336	0.241282565332985	2.16619213918134e-260	0	3.74
47	CEC1|GEC4|MEC2	3	762	3016	0	16477	0.388258094327721	0.236963803464117	3.4721160011998e-238	0	3.22
48	CEC1|GEC4|MEC3	3	687	2956	0	16229	0.389382754106383	0.240286691463045	1.97834636607973e-233	0	2.97
49	CEC1|GEC4|MEC4	3	632	2776	0	16496	0.39723378581484	0.24118800860261	1.27463125948628e-222	0	3.4
50	CEC1|GEC4|MEC5	3	603	2657	0	16432	0.402479954666821	0.254470230376734	4.47963349087489e-181	0	3.23
51	CEC1|GEC5|MEC1	3	840	3276	0	17874	0.387663404821242	0.236918526137282	2.4058906809608e-290	0	3.26
52	CEC1|GEC5|MEC2	3	800	3061	0	16624	0.382077701038217	0.237424645675063	6.40637143311566e-254	0	3.48
53	CEC1|GEC5|MEC3	3	728	2947	0	16404	0.38290893892736	0.247169892536435	7.76265242553682e-236	0	3.85
54	CEC1|GEC5|MEC4	3	650	2761	0	16572	0.391349796226281	0.243313321727903	2.23011112459058e-232	0	4.29
55	CEC1|GEC5|MEC5	3	649	2790	0	16569	0.394448553973621	0.256506227100718	7.38581727039029e-209	0	4.13
56	CEC1|MEC1|MEC2	2	894	3469	0	17710	0.388088796716506	0.229892299494539	4.55568432575375e-283	0	3.46
57	CEC1|MEC1|MEC3	2	802	3413	0	17759	0.392484828866583	0.234031175622178	2.23853778041463e-269	0	3.23
58	CEC1|MEC1|MEC4	2	803	3453	0	17813	0.388900736668688	0.230064163077813	2.50471564817061e-282	0	2.82
59	CEC1|MEC1|MEC5	2	823	3466	0	17770	0.388200208554417	0.233584650914425	7.85205767952624e-265	0	3.07
60	CEC1|MEC2|MEC3	2	876	3380	0	16689	0.372260067925	0.224716060509644	6.75176313195452e-285	0	2.68
61	CEC1|MEC2|MEC4	2	807	3314	0	16867	0.379586061432529	0.227119583214634	1.41280686818953e-279	0	3.01
62	CEC1|MEC2|MEC5	2	792	3158	0	16842	0.390483020260651	0.235333244872563	1.88695194663902e-237	0	3.03
63	CEC1|MEC3|MEC4	2	756	3253	0	16730	0.377713229882909	0.227217062590788	2.14152567703475e-277	0	2.67
64	CEC1|MEC3|MEC5	2	739	3041	0	16715	0.389382754106383	0.239941072514857	2.10189847452771e-236	0	2.77
65	CEC1|MEC4|MEC5	2	728	3117	0	16791	0.387066535356689	0.23706084267417	1.12036021210073e-244	0	2.62
66	CEC2|CEC5|GEC1	2	587	2939	0	15799	0.396741228738608	0.242394959142025	1.04084189069431e-202	0	2.63
67	CEC2|CEC5|GEC2	2	569	3042	0	15367	0.385572849648956	0.227402183652241	4.1809153824976e-240	0	2.58
68	CEC2|CEC5|GEC3	2	595	2931	0	15453	0.393399398081973	0.232137763861784	5.70466166131369e-214	0	2.68
69	CEC2|CEC5|GEC4	2	566	2830	0	15570	0.397344002838369	0.235364401876709	3.57217123050565e-208	0	2.94
70	CEC2|CEC5|GEC5	2	580	2950	0	15826	0.398483273518893	0.234292635973863	9.40799975056983e-227	0	3.04
71	CEC2|CEC5|MEC1	2	822	3523	0	17209	0.383754856467499	0.227958616084468	3.9150645784963e-284	0	2.91
72	CEC2|CEC5|MEC2	2	773	3313	0	16321	0.384180161860737	0.227538093920754	1.198821709107e-269	0	2.95
73	CEC2|CEC5|MEC3	2	791	3369	0	16052	0.380911723279435	0.22446752935747	1.26790659126196e-277	0	2.95
74	CEC2|CEC5|MEC4	2	751	3197	0	16332	0.390067127012184	0.229646380474364	3.02105756089292e-260	0	2.68
75	CEC2|CEC5|MEC5	2	663	3067	0	16338	0.395781551400083	0.238062728527612	1.11444728786852e-223	0	3.06
76	CEC2|GEC1|GEC2	2	485	2655	0	13370	0.398003203087679	0.232665726920544	9.33594718604081e-173	0	2.12
77	CEC2|GEC1|GEC3	2	533	2601	0	13491	0.402318488482038	0.233308015502318	4.56762096620081e-158	0	2.22
78	CEC2|GEC1|GEC4	2	492	2577	0	13803	0.411371357230532	0.243636567301045	5.09538791630334e-144	0	2.38
79	CEC2|GEC1|GEC5	2	495	2669	0	14027	0.403993772296489	0.233504845822784	3.9335463492312e-173	0	2.44
80	CEC2|GEC1|MEC1	3	780	3028	0	16993	0.394745185858994	0.246987499581076	5.06702279905607e-249	0	2.82
81	CEC2|GEC1|MEC2	3	732	2932	0	15271	0.387596382277861	0.23159226181924	3.53696569696571e-237	0	2.31
82	CEC2|GEC1|MEC3	3	802	2929	0	14879	0.391170490747627	0.236687530980181	8.71675140433064e-217	0	2.61
83	CEC2|GEC1|MEC4	3	638	2603	0	15135	0.399885727829187	0.253645543548961	3.41628312912816e-197	0	2.71
84	CEC2|GEC1|MEC5	3	579	2404	0	15201	0.408907774820734	0.262481339570253	2.81070236959169e-166	0	2.88
85	CEC2|GEC2|GEC3	2	495	2622	0	12781	0.400776819300666	0.229875933959261	1.20825988212661e-174	0	2.42
86	CEC2|GEC2|GEC4	2	526	2609	0	13176	0.405100858559797	0.236348504274327	1.34054713197632e-155	0	2.34
87	CEC2|GEC2|GEC5	2	463	2585	0	13371	0.403096298496892	0.227527754904579	1.36298760416713e-170	0	2.67
88	CEC2|GEC2|MEC1	3	796	3088	0	16556	0.39095820799402	0.23500912988172	2.80987126510608e-249	0	2.54
89	CEC2|GEC2|MEC2	3	797	3113	0	14701	0.386116498368004	0.219947366454642	1.8024711889381e-257	0	2.78
90	CEC2|GEC2|MEC3	3	861	3030	0	14288	0.383386360843037	0.223132736252943	3.61992065575507e-240	0	2.78
91	CEC2|GEC2|MEC4	3	709	2764	0	14653	0.391737976892167	0.236685037108819	3.18927445658447e-220	0	2.92
92	CEC2|GEC2|MEC5	3	586	2531	0	14707	0.402607904085232	0.255188701559616	4.83625062372414e-186	0	2.6
93	CEC2|GEC3|GEC4	2	482	2594	0	13230	0.410438265252084	0.240872803754323	8.27924009636001e-157	0	2.2
94	CEC2|GEC3|GEC5	2	492	2602	0	13537	0.410502881919829	0.230689305648476	1.14231969494648e-158	0	2.64
95	CEC2|GEC3|MEC1	3	800	3019	0	16571	0.397852819837054	0.238554752682704	7.51729879061952e-239	0	2.67
96	CEC2|GEC3|MEC2	3	752	3033	0	14769	0.38664350659714	0.22231223490303	5.32076836657833e-254	0	2.69
97	CEC2|GEC3|MEC3	3	841	2994	0	14326	0.383630103510737	0.223464184246754	4.52394733165777e-238	0	2.65
98	CEC2|GEC3|MEC4	3	678	2683	0	14716	0.39763586594336	0.240773793313718	6.32087708285183e-203	0	2.79
99	CEC2|GEC3|MEC5	3	563	2451	0	14750	0.404614430820848	0.254286072017084	2.50783301413888e-178	0	2.81
100	CEC2|GEC4|GEC5	2	470	2587	0	13863	0.410396920558307	0.238166123955505	4.19878118448728e-162	0	2.52
101	CEC2|GEC4|MEC1	3	770	2983	0	16730	0.397447883030228	0.242987309777198	1.35519149009929e-221	0	2.85
102	CEC2|GEC4|MEC2	3	735	2955	0	15011	0.38993036552128	0.225200476268285	6.54349776610698e-230	0	2.74
103	CEC2|GEC4|MEC3	3	862	2950	0	14520	0.394361472326568	0.231365333764981	9.24733722209339e-226	0	2.73
104	CEC2|GEC4|MEC4	3	690	2702	0	14938	0.402666311019282	0.250307978901311	8.17527973497807e-196	0	2.78
105	CEC2|GEC4|MEC5	3	592	2381	0	14940	0.419245051480613	0.269370367781728	2.11619589897845e-162	0	2.7
106	CEC2|GEC5|MEC1	3	728	2969	0	16818	0.392468211240969	0.236937586121302	6.31298366987953e-248	0	3.1
107	CEC2|GEC5|MEC2	3	726	2929	0	15249	0.391485111136267	0.230107825405883	1.08411194441694e-235	0	2.92
108	CEC2|GEC5|MEC3	3	751	2966	0	14822	0.391578516045781	0.228798643845939	8.65387665213516e-219	0	2.64
109	CEC2|GEC5|MEC4	3	615	2562	0	15159	0.400938797712004	0.24374266804662	1.87575932814564e-206	0	2.77
110	CEC2|GEC5|MEC5	3	578	2407	0	15188	0.41424685717517	0.258189803772888	2.68434621539639e-170	0	2.92
111	CEC2|MEC1|MEC2	2	855	3365	0	16907	0.386054448975004	0.225170447430711	7.10983222659665e-278	0	3.1
112	CEC2|MEC1|MEC3	2	881	3352	0	16840	0.386285137760776	0.224879806055534	1.86055524008696e-264	0	3.05
113	CEC2|MEC1|MEC4	2	763	3244	0	16994	0.392500112721451	0.228943397744876	5.60952049663991e-248	0	3.18
114	CEC2|MEC1|MEC5	2	730	3076	0	16987	0.394857314494292	0.239764415394342	5.94364776845954e-240	0	3.36
115	CEC2|MEC2|MEC3	2	994	3563	0	15430	0.362951286895997	0.197657809540126	0	0	2.8
116	CEC2|MEC2|MEC4	2	894	3303	0	15729	0.377438712988059	0.224773119461758	1.17470225005047e-279	0	2.82
117	CEC2|MEC2|MEC5	2	775	3030	0	15820	0.394159292492745	0.232728502750119	1.32854801900748e-230	0	2.8
118	CEC2|MEC3|MEC4	2	917	3368	0	15404	0.375384748456978	0.211282871304602	5.53913205598827e-278	0	2.77
119	CEC2|MEC3|MEC5	2	810	3018	0	15439	0.386344073222798	0.229980340378558	2.34646455220233e-241	0	2.7
120	CEC2|MEC4|MEC5	2	736	2894	0	15610	0.38985639225059	0.237154015668203	8.59793318479336e-230	0	2.65
121	CEC5|GEC1|GEC2	2	510	2762	0	14312	0.398449715865838	0.236074888818922	3.55434355560569e-196	0	2.6
122	CEC5|GEC1|GEC3	2	522	2671	0	14404	0.404852083512954	0.236649244082831	2.31093744633014e-175	0	2.52
123	CEC5|GEC1|GEC4	2	491	2630	0	14596	0.404810904168963	0.238087167917576	1.4229447969781e-164	0	2.57
124	CEC5|GEC1|GEC5	2	533	2831	0	14766	0.395830163451127	0.232990389146264	7.14190427811555e-196	0	2.87
125	CEC5|GEC1|MEC1	3	788	3100	0	17116	0.386723788388818	0.236807794672344	3.29599881704946e-263	0	3.01
126	CEC5|GEC1|MEC2	3	651	2923	0	15812	0.393651022303035	0.244037466152295	5.88711955924013e-234	0	2.92
127	CEC5|GEC1|MEC3	3	729	2954	0	15517	0.386419199686699	0.236911846855834	5.25499244483935e-252	0	2.86
128	CEC5|GEC1|MEC4	3	609	2695	0	15659	0.400470727761904	0.248197753535434	3.57002635646888e-204	0	2.81
129	CEC5|GEC1|MEC5	3	570	2509	0	15685	0.403411035724581	0.254391599589668	7.91612469614242e-181	0	2.9
130	CEC5|GEC2|GEC3	2	525	2635	0	13859	0.405034728872807	0.230951798285895	4.99225789854595e-188	0	2.45
131	CEC5|GEC2|GEC4	2	479	2623	0	14111	0.404148420842533	0.232246520271937	5.29931216654708e-181	0	2.55
132	CEC5|GEC2|GEC5	2	524	2720	0	14203	0.398161996670964	0.226897320056267	8.50608368657738e-193	0	2.64
133	CEC5|GEC2|MEC1	3	812	3183	0	16752	0.387274252107816	0.227736701899959	1.29370793920956e-271	0	2.97
134	CEC5|GEC2|MEC2	3	697	3083	0	15350	0.386366592960363	0.224487216365483	8.39453957073494e-255	0	2.48
135	CEC5|GEC2|MEC3	3	736	3090	0	15037	0.3764260150603	0.222687888285331	5.40733413806426e-265	0	2.26
136	CEC5|GEC2|MEC4	3	679	2860	0	15283	0.39324305174003	0.238933081453635	5.70955096836622e-229	0	2.36
137	CEC5|GEC2|MEC5	3	595	2576	0	15281	0.403843902618156	0.245156546392008	3.09270007743114e-202	0	2.46
138	CEC5|GEC3|GEC4	2	481	2461	0	14192	0.412740275894349	0.238438297344235	2.21645026978661e-161	0	2.29
139	CEC5|GEC3|GEC5	2	503	2665	0	14413	0.402443026530183	0.236706211941848	3.80984308734963e-179	0	2.37
140	CEC5|GEC3|MEC1	3	787	3088	0	16727	0.392145505733073	0.237837123788302	8.34677004381821e-245	0	2.71
141	CEC5|GEC3|MEC2	3	685	2930	0	15436	0.395988057737553	0.236167335979359	2.17310347215962e-231	0	2.35
142	CEC5|GEC3|MEC3	3	748	3000	0	15093	0.381648361103222	0.228370784200975	8.02407565849398e-253	0	2.31
143	CEC5|GEC3|MEC4	3	644	2701	0	15359	0.399315151401926	0.247499578573394	3.7661198330634e-209	0	2.44
144	CEC5|GEC3|MEC5	3	569	2479	0	15350	0.407441588666468	0.25435243257593	1.15045294367958e-186	0	2.64
145	CEC5|GEC4|GEC5	2	494	2605	0	14568	0.403770324419094	0.238909385438263	5.47581208683555e-176	0	2.52
146	CEC5|GEC4|MEC1	3	777	2994	0	16827	0.396818740875727	0.241180480346109	3.51335666909805e-232	0	2.75
147	CEC5|GEC4|MEC2	3	625	2889	0	15557	0.399217005030435	0.236308162650482	1.17977304326841e-221	0	2.52
148	CEC5|GEC4|MEC3	3	750	2938	0	15215	0.388580338897512	0.22758069376067	2.94312499228805e-242	0	2.55
149	CEC5|GEC4|MEC4	3	633	2690	0	15482	0.40184748432004	0.244996532699948	5.66155205469349e-209	0	2.68
150	CEC5|GEC4|MEC5	3	562	2417	0	15492	0.411252126799036	0.25316664014786	1.97302406871181e-180	0	2.6
151	CEC5|GEC5|MEC1	3	784	3242	0	16915	0.387895401223428	0.234216798844051	5.06108518675657e-269	0	2.93
152	CEC5|GEC5|MEC2	3	652	2956	0	15752	0.392051871000056	0.237036967464721	1.43654266252936e-241	0	2.65
153	CEC5|GEC5|MEC3	3	734	3012	0	15395	0.388219993985254	0.235902006931717	3.9548953918836e-246	0	2.06
154	CEC5|GEC5|MEC4	3	618	2702	0	15606	0.400019309398198	0.247766845559439	8.78710415203528e-214	0	2.1
155	CEC5|GEC5|MEC5	3	574	2507	0	15617	0.40538222339932	0.255602021467612	8.26914636922979e-196	0	2.13
156	CEC5|MEC1|MEC2	2	800	3390	0	17051	0.38880025674534	0.224165558125513	2.59848699769839e-268	0	2.35
157	CEC5|MEC1|MEC3	2	875	3403	0	16991	0.381112869237368	0.227008879577287	1.7510935257981e-277	0	2.39
158	CEC5|MEC1|MEC4	2	853	3381	0	17056	0.387977631874509	0.226919603714376	8.98261159946382e-257	0	2.42
159	CEC5|MEC1|MEC5	2	812	3168	0	17054	0.390502501801567	0.235081149790274	5.61387627825386e-252	0	2.36
160	CEC5|MEC2|MEC3	2	841	3388	0	15915	0.371172143961694	0.209094894716087	1.70998366334937e-308	0	2.18
161	CEC5|MEC2|MEC4	2	779	3248	0	16147	0.382936564690126	0.229614615390386	6.77556154157153e-277	0	2.26
162	CEC5|MEC2|MEC5	2	644	2956	0	16214	0.396592040718991	0.242519773564745	5.8853721794697e-229	0	2.23
163	CEC5|MEC3|MEC4	2	805	3325	0	15902	0.374161998729878	0.218635515661018	2.17963946684555e-306	0	2.16
164	CEC5|MEC3|MEC5	2	714	3033	0	15974	0.382296076064834	0.230123251690209	1.82450876858267e-267	0	2.15
165	CEC5|MEC4|MEC5	2	737	2924	0	15999	0.391720798890878	0.241127180482683	9.76970673987474e-229	0	2.1
166	GEC1|GEC2|GEC3	1	304	2482	0	9835	0.404928129810101	0.201927494309715	7.82159203571913e-111	0	1.39
167	GEC1|GEC2|GEC4	1	310	2479	0	10405	0.411782106106041	0.211404482921643	2.05856001621503e-98	0	1.46
168	GEC1|GEC2|GEC5	1	346	2568	0	10636	0.404112922079435	0.196205474043457	2.0108334012959e-104	0	1.47
169	GEC1|GEC2|MEC1	2	686	3119	0	15913	0.389739236516583	0.229231699576221	2.57348817387155e-226	0	2.08
170	GEC1|GEC2|MEC2	2	619	2990	0	13091	0.394999294348116	0.208997725400672	2.52948664669722e-192	0	1.83
171	GEC1|GEC2|MEC3	2	650	2977	0	12500	0.381217318507981	0.200774044339943	1.30384931235979e-200	0	1.77
172	GEC1|GEC2|MEC4	2	450	2571	0	12791	0.406994896968114	0.232902160670607	3.48988101731561e-151	0	1.72
173	GEC1|GEC2|MEC5	2	399	2320	0	12709	0.41708048728774	0.256856652675219	1.86109451426487e-116	0	1.75
174	GEC1|GEC3|GEC4	1	317	2443	0	10505	0.423218758171456	0.218059487542456	7.67435503324181e-91	0	1.44
175	GEC1|GEC3|GEC5	1	324	2610	0	10833	0.4086879088475	0.203654489840957	1.76008997996811e-112	0	1.49
176	GEC1|GEC3|MEC1	2	702	3079	0	15952	0.394707297608248	0.23827383934245	7.25264659911127e-217	0	2.24
177	GEC1|GEC3|MEC2	2	619	2971	0	13188	0.393515165882031	0.210512576135872	7.82510883996665e-191	0	1.75
178	GEC1|GEC3|MEC3	2	691	2975	0	12533	0.383155388638523	0.198510493620653	3.49101183414146e-191	0	1.69
179	GEC1|GEC3|MEC4	2	453	2529	0	12873	0.416488925093718	0.243888293912066	1.39237885789219e-138	0	1.68
180	GEC1|GEC3|MEC5	2	352	2341	0	12817	0.421670758209684	0.257711536390756	8.68108391620166e-115	0	1.67
181	GEC1|GEC4|GEC5	1	359	2577	0	11291	0.409804703098502	0.215281943758841	3.27142463910899e-110	0	1.49
182	GEC1|GEC4|MEC1	2	701	3072	0	16160	0.400602106243043	0.237470489361138	3.47564437970478e-202	0	2.05
183	GEC1|GEC4|MEC2	2	607	2921	0	13551	0.399233970007417	0.217737166261409	1.26248626956527e-172	0	1.79
184	GEC1|GEC4|MEC3	2	675	2943	0	12899	0.393068960895444	0.208191516055275	1.6654956265279e-176	0	1.79
185	GEC1|GEC4|MEC4	2	514	2522	0	13193	0.422694207318876	0.244059970028277	5.12816338864499e-131	0	1.78
186	GEC1|GEC4|MEC5	2	407	2225	0	13132	0.427529796435418	0.269038748243504	2.77759015912946e-99	0	1.77
187	GEC1|GEC5|MEC1	2	687	3160	0	16171	0.388386543199382	0.229664827406784	3.38733716099187e-231	0	2.09
188	GEC1|GEC5|MEC2	2	613	2941	0	13700	0.396047325190709	0.214920479142797	5.78537130175864e-179	0	1.82
189	GEC1|GEC5|MEC3	2	614	2964	0	13127	0.387075754461787	0.204226851121594	9.70774781193824e-184	0	1.75
190	GEC1|GEC5|MEC4	2	436	2469	0	13347	0.415242215726859	0.234721393691084	7.63019648744239e-141	0	1.79
191	GEC1|GEC5|MEC5	2	401	2303	0	13343	0.423046449381344	0.261196027732863	1.33170995618501e-118	0	2.41
192	GEC1|MEC1|MEC2	2	763	3135	0	16649	0.393781480185528	0.240074593648304	8.02271479485331e-236	0	2.83
193	GEC1|MEC1|MEC3	2	816	3181	0	16555	0.388763547648704	0.228769312957803	4.99535726082902e-244	0	2.76
194	GEC1|MEC1|MEC4	2	707	2997	0	16679	0.398409686049767	0.24752812751374	7.02639640477114e-215	0	2.77
195	GEC1|MEC1|MEC5	2	668	2815	0	16639	0.397154093628477	0.252084943233778	9.45046346950544e-207	0	2.78
196	GEC1|MEC2|MEC3	2	870	3303	0	14406	0.373711857894088	0.19509168438787	1.89133099553685e-272	0	2.43
197	GEC1|MEC2|MEC4	2	657	2974	0	14696	0.398204094364422	0.227922953538895	2.00355913377113e-213	0	2.49
198	GEC1|MEC2|MEC5	2	595	2668	0	14723	0.402469829409064	0.243011633657998	1.02309890640937e-178	0	2.53
199	GEC1|MEC3|MEC4	2	749	2979	0	14320	0.392631139581966	0.21779154927859	1.38648573524237e-223	0	2.45
200	GEC1|MEC3|MEC5	2	631	2696	0	14332	0.404119412703888	0.238427665049701	8.42059064548021e-184	0	1.9
201	GEC1|MEC4|MEC5	2	543	2404	0	14307	0.414242885750362	0.259774592511117	2.44716975238147e-155	0	2.15
202	GEC2|GEC3|GEC4	1	279	2352	1	9553	0.425380584734962	0.215370625439247	2.13397825240576e-89	0	1.54
203	GEC2|GEC3|GEC5	1	280	2449	0	9897	0.412986150002966	0.197440779003302	2.7942115786369e-101	0	1.55
204	GEC2|GEC3|MEC1	2	644	3072	0	15371	0.397606227696212	0.231209767505446	2.00621992208418e-207	0	2.3
205	GEC2|GEC3|MEC2	2	666	3054	0	12402	0.39791911347594	0.206566794314861	1.27125544844232e-199	0	1.94
206	GEC2|GEC3|MEC3	2	664	2996	0	11772	0.377627202847623	0.190811834122801	4.4310014342395e-208	0	1.75
207	GEC2|GEC3|MEC4	2	499	2616	0	12190	0.40458350980811	0.231638914934643	2.21949920428558e-152	0	1.77
208	GEC2|GEC3|MEC5	2	357	2277	0	12099	0.41993982060829	0.254311319087281	2.42941478952297e-115	0	1.8
209	GEC2|GEC4|GEC5	1	281	2391	0	10324	0.42008106950227	0.211662533059701	5.81823127686033e-92	0	1.59
210	GEC2|GEC4|MEC1	2	681	3021	0	15627	0.40276862239193	0.235383227672528	8.71671433059608e-197	0	3.46
211	GEC2|GEC4|MEC2	2	633	3016	0	12822	0.402220235963805	0.209316993659168	2.65746893858328e-182	0	3.05
212	GEC2|GEC4|MEC3	2	679	2938	0	12122	0.388996087685798	0.205049964574273	2.0304973084304e-189	0	2.75
213	GEC2|GEC4|MEC4	2	534	2572	0	12618	0.413436752683678	0.240273631159327	5.93353762693763e-150	0	2.55
214	GEC2|GEC4|MEC5	2	399	2174	0	12471	0.429593180279948	0.27154870539506	5.13433953138621e-98	0	2.66
215	GEC2|GEC5|MEC1	2	642	3057	0	15645	0.395263502117547	0.229646398595309	1.35738120108119e-214	0	2.72
216	GEC2|GEC5|MEC2	2	635	2966	0	12981	0.40085600661388	0.2068222983553	1.15335589714471e-178	0	2.89
217	GEC2|GEC5|MEC3	2	595	2902	0	12332	0.382397582094762	0.202830835161845	5.2735384474484e-182	0	2.78
218	GEC2|GEC5|MEC4	2	448	2476	0	12691	0.415364639426701	0.232412741789722	1.21433984941734e-139	0	2.38
219	GEC2|GEC5|MEC5	2	372	2216	0	12641	0.421256129120226	0.26062814566057	5.44663732971411e-110	0	2.87
220	GEC2|MEC1|MEC2	2	784	3286	0	16146	0.394572188282212	0.228774634138099	3.24663156872575e-244	0	2.99
221	GEC2|MEC1|MEC3	2	805	3304	0	16047	0.386968564205234	0.223316924766596	1.70660447319193e-244	0	3.07
222	GEC2|MEC1|MEC4	2	736	3059	0	16205	0.396759520123037	0.236657234550873	4.87742952824421e-224	0	3.1
223	GEC2|MEC1|MEC5	2	646	2859	0	16164	0.401401304430573	0.249482474091913	1.03882612072205e-194	0	3.19
224	GEC2|MEC2|MEC3	2	897	3531	0	13742	0.367599209962534	0.179870830449944	6.86548668476729e-293	0	3.27
225	GEC2|MEC2|MEC4	2	770	3201	0	14101	0.381455962176709	0.217825549510443	9.60704293442293e-243	0	2.79
226	GEC2|MEC2|MEC5	2	633	2785	0	14138	0.404295959798616	0.235224790635463	1.70958856013152e-178	0	3.51
227	GEC2|MEC3|MEC4	2	788	3212	0	13701	0.3763860389365	0.207689991254669	9.5603123232545e-256	0	3.31
228	GEC2|MEC3|MEC5	2	668	2779	0	13687	0.391129646049457	0.231538180481365	8.17297447859659e-201	0	3.73
229	GEC2|MEC4|MEC5	2	565	2568	0	13710	0.404989409422874	0.253960223095327	5.6401467319256e-175	0	2.12
230	GEC3|GEC4|GEC5	1	298	2383	0	10545	0.428922534894305	0.227372440831963	1.42732596662716e-84	0	1.71
231	GEC3|GEC4|MEC1	2	678	2995	0	15647	0.409531434504193	0.243211349303013	5.96095661929177e-181	0	2.38
232	GEC3|GEC4|MEC2	2	591	2942	0	12861	0.405172192256534	0.216767593456428	5.28322673569126e-173	0	2.01
233	GEC3|GEC4|MEC3	2	672	2927	0	12152	0.393141611347643	0.203572356488736	4.41366746688119e-184	0	1.91
234	GEC3|GEC4|MEC4	2	542	2561	0	12701	0.42540206245718	0.249024786054323	8.43288633028777e-127	0	1.93
235	GEC3|GEC4|MEC5	2	365	2163	0	12532	0.433034674043379	0.270219418239334	4.3529397648219e-96	0	2
236	GEC3|GEC5|MEC1	2	636	3027	0	15730	0.397228797854528	0.233699580147143	1.075224383845e-210	0	2.5
237	GEC3|GEC5|MEC2	2	601	2931	0	13138	0.396289635696123	0.212868226927585	1.00540242355611e-175	0	2.05
238	GEC3|GEC5|MEC3	2	635	2880	0	12487	0.388684447198719	0.202110911672011	4.98024549673535e-179	0	1.88
239	GEC3|GEC5|MEC4	2	439	2472	0	12879	0.418376266506029	0.242068671063526	4.84577497245517e-134	0	2.05
240	GEC3|GEC5|MEC5	2	372	2206	0	12822	0.427289699069362	0.266380714385001	3.51093806649501e-105	0	2.03
241	GEC3|MEC1|MEC2	2	764	3185	0	16160	0.399700257496747	0.233534204798259	4.82683992833113e-228	0	2.49
242	GEC3|MEC1|MEC3	2	802	3253	0	16054	0.388245698528729	0.227264975518526	9.3455692068385e-237	0	2.42
243	GEC3|MEC1|MEC4	2	720	3040	0	16238	0.400681001925754	0.241207507128234	2.93050022381229e-213	0	2.4
244	GEC3|MEC1|MEC5	2	604	2855	0	16194	0.401712520476434	0.244660884607284	1.49488576176767e-198	0	2.7
245	GEC3|MEC2|MEC3	2	910	3449	0	13793	0.374401741599715	0.189309723183833	4.03820691351868e-287	0	2.29
246	GEC3|MEC2|MEC4	2	698	3124	0	14178	0.389145329391895	0.222849201264072	1.17594550049717e-229	0	2.29
247	GEC3|MEC2|MEC5	2	623	2742	0	14177	0.403896884113343	0.240878520221386	4.42208523656618e-184	0	1.98
248	GEC3|MEC3|MEC4	2	785	3157	0	13763	0.384897876021532	0.210506444601323	6.76417838800772e-244	0	1.94
249	GEC3|MEC3|MEC5	2	669	2828	0	13736	0.39820687017377	0.230887291189223	4.98479325816466e-193	0	2
250	GEC3|MEC4|MEC5	2	507	2543	0	13828	0.402830503244138	0.254078219828548	5.73679543290785e-164	0	1.97
251	GEC4|GEC5|MEC1	2	670	3025	0	15943	0.399680476667986	0.238105673131636	1.1331896003571e-197	0	2.23
252	GEC4|GEC5|MEC2	2	595	2883	0	13500	0.407554119056649	0.223946890105269	9.60696031285713e-169	0	1.92
253	GEC4|GEC5|MEC3	2	646	2894	0	12790	0.393064707488961	0.212372497622939	3.35156347335077e-172	0	1.8
254	GEC4|GEC5|MEC4	2	512	2498	0	13181	0.421855641388604	0.250739391541822	2.4238778067809e-131	0	1.88
255	GEC4|GEC5|MEC5	2	403	2145	0	13086	0.431423828441999	0.273164313297962	2.07698276974371e-99	0	1.87
256	GEC4|MEC1|MEC2	2	756	3136	0	16352	0.403495973597564	0.236335622945694	4.04707280875879e-217	0	2.26
257	GEC4|MEC1|MEC3	2	806	3188	0	16235	0.38862034268137	0.229652719614095	1.33608025932487e-231	0	2.23
258	GEC4|MEC1|MEC4	2	735	2940	0	16414	0.40739713155534	0.24467942731097	3.34668822599163e-198	0	2.24
259	GEC4|MEC1|MEC5	2	639	2735	0	16372	0.411260582607509	0.254608032925146	2.10665694398117e-172	0	2.28
260	GEC4|MEC2|MEC3	2	895	3416	0	14041	0.37376575377636	0.191923182067654	2.35667942638465e-271	0	2.01
261	GEC4|MEC2|MEC4	2	748	3060	0	14464	0.398265438601482	0.22246967742867	2.48399671682789e-208	0	2.04
262	GEC4|MEC2|MEC5	2	627	2650	0	14483	0.41762104629514	0.250254758641097	6.31356576832775e-156	0	2.11
263	GEC4|MEC3|MEC4	2	821	3142	0	14010	0.390976831404438	0.218538788899631	2.77482461588496e-245	0	1.94
264	GEC4|MEC3|MEC5	2	642	2733	0	13979	0.406119087897011	0.243975936716715	3.1463338154569e-180	0	1.93
265	GEC4|MEC4|MEC5	2	583	2423	0	14045	0.418080592102776	0.263602172372396	8.4640169432549e-142	0	1.92
266	GEC5|MEC1|MEC2	2	723	3198	0	16420	0.393454912705472	0.23750576503239	1.47537200693646e-240	0	2.22
267	GEC5|MEC1|MEC3	2	792	3172	0	16305	0.392750853256896	0.230437135538233	4.52635822353527e-238	0	2.64
268	GEC5|MEC1|MEC4	2	657	2939	0	16444	0.397172757246897	0.237420913626075	7.59282046039313e-220	0	2.97
269	GEC5|MEC1|MEC5	2	631	2806	0	16403	0.399725361367061	0.251963842432158	8.79171316224377e-200	0	2.74
270	GEC5|MEC2|MEC3	2	873	3261	0	14276	0.381708765930876	0.206545216533838	1.94875693098416e-249	0	3.19
271	GEC5|MEC2|MEC4	2	693	2932	0	14598	0.393763056240769	0.227333275554066	5.91913204768205e-212	0	2.46
272	GEC5|MEC2|MEC5	2	607	2578	0	14661	0.410374123628672	0.248677121237921	6.62677909328199e-166	0	2.8
273	GEC5|MEC3|MEC4	2	718	2968	0	14133	0.389677241528904	0.216488747684908	7.21507901247737e-225	0	2.53
274	GEC5|MEC3|MEC5	2	643	2642	0	14208	0.40139681723746	0.241943190410396	1.01023226080551e-177	0	2.65
275	GEC5|MEC4|MEC5	2	505	2417	0	14216	0.414428757001992	0.258801295829773	2.88488471831514e-155	0	2.88
276	MEC1|MEC2|MEC3	1	871	3649	0	16436	0.383131703916488	0.212675402615387	1.10216317487054e-267	0	2.81
277	MEC1|MEC2|MEC4	1	775	3387	0	16624	0.385725308678925	0.222459660133897	4.43026573105406e-249	0	3.01
278	MEC1|MEC2|MEC5	1	714	3218	0	16602	0.401967850266034	0.23328159261643	8.51010503787058e-204	0	3.23
279	MEC1|MEC3|MEC4	1	846	3492	0	16530	0.389350399824261	0.217800103731931	1.09601621893682e-254	0	3.01
280	MEC1|MEC3|MEC5	1	746	3288	0	16502	0.3929748534117	0.227513616560559	1.24550566628791e-218	0	3.34
281	MEC1|MEC4|MEC5	1	714	3150	0	16547	0.392976784195495	0.238139547916195	6.3815556457889e-210	0	3.18
282	MEC2|MEC3|MEC4	1	951	3736	0	14820	0.363256764311621	0.185286335901188	0	0	3.06
283	MEC2|MEC3|MEC5	1	847	3311	0	14892	0.383265109913149	0.206168061907751	5.94369609962756e-251	0	2.97
284	MEC2|MEC4|MEC5	1	722	3150	0	15042	0.389127298472243	0.228753030999429	7.03097588167505e-232	0	2.63
285	MEC3|MEC4|MEC5	1	812	3250	0	14698	0.382318035941473	0.212512344532377	4.84794373608264e-245	0	2.85
